1 168 339 505 673 838 
2 169 340 506 674 839 
3 170 341 507 675 840 
4 171 342 508 676 841 
5 172 343 509 677 842 
6 173 344 495 678 843 
7 174 345 510 679 844 
8 175 346 511 680 845 
9 176 347 512 681 846 
10 177 348 513 682 847 
11 174 349 514 683 848 
12 178 350 511 684 849 
13 179 342 515 609 850 
14 180 351 516 685 851 
15 181 352 517 686 852 
13 182 353 512 687 853 
16 183 354 518 688 854 
17 184 355 519 689 855 
18 185 356 520 690 856 
2 186 357 521 691 857 
19 187 358 522 692 858 
20 188 359 523 693 859 
21 189 360 524 694 860 
22 190 361 525 695 861 
23 179 362 526 696 862 
24 191 363 527 697 863 
19 191 364 517 698 864 
25 192 365 528 699 865 
26 193 366 529 700 866 
10 194 367 519 698 867 
27 195 368 530 701 868 
28 196 369 531 702 869 
29 197 370 532 703 870 
30 198 356 533 704 871 
31 199 371 534 705 872 
32 200 363 535 694 873 
33 201 372 536 661 874 
33 197 366 537 706 846 
34 202 373 512 707 875 
35 203 374 538 702 876 
36 204 375 539 708 870 
29 205 376 540 709 877 
37 206 377 541 710 878 
38 207 378 469 710 858 
33 208 339 542 711 879 
39 209 379 529 712 880 
40 210 325 543 713 881 
41 211 380 544 714 882 
42 193 355 545 715 883 
43 212 342 546 716 884 
28 213 381 547 717 885 
44 214 382 537 718 886 
45 215 383 548 687 887 
46 216 384 549 719 888 
47 217 385 550 720 889 
48 218 386 551 721 890 
43 219 387 552 722 873 
49 220 365 553 723 891 
50 221 388 554 683 892 
51 222 389 555 698 869 
47 223 390 491 724 893 
52 224 391 556 725 889 
53 225 392 554 726 894 
54 217 393 557 727 895 
55 226 339 558 728 896 
56 193 394 559 729 891 
57 169 395 560 730 897 
58 227 396 561 731 898 
59 169 332 562 732 899 
60 228 374 523 733 900 
61 229 366 563 734 901 
62 230 397 564 735 891 
39 180 362 565 736 902 
63 231 398 566 673 903 
64 232 399 567 717 896 
65 233 400 568 737 904 
42 234 401 569 738 905 
66 235 334 570 739 906 
21 236 402 566 740 907 
67 237 403 560 721 908 
68 238 343 571 741 909 
69 239 404 567 742 892 
70 240 405 572 713 829 
71 241 390 573 743 859 
72 233 392 574 724 910 
73 242 356 575 744 911 
62 243 387 576 745 912 
22 219 406 577 746 905 
20 244 343 525 747 883 
74 245 374 578 732 913 
75 246 341 579 748 880 
76 211 348 580 749 914 
12 247 407 581 750 915 
77 170 408 582 751 916 
18 248 409 490 752 872 
32 249 410 510 706 917 
78 248 411 539 679 861 
79 246 412 516 695 918 
80 250 413 583 753 919 
81 191 414 584 754 920 
21 251 350 585 755 921 
82 239 384 586 756 912 
77 199 355 578 624 922 
56 252 415 557 757 916 
83 253 416 535 758 862 
84 227 417 587 759 869 
85 254 368 588 726 923 
86 255 408 504 760 884 
87 256 418 529 761 924 
88 257 401 574 725 839 
89 258 419 589 762 925 
89 259 420 590 763 926 
90 260 392 555 699 927 
91 261 421 507 674 903 
40 262 422 532 764 850 
92 224 351 591 704 840 
87 263 360 576 754 928 
47 264 375 592 765 929 
93 214 423 591 677 930 
94 235 424 558 678 931 
95 185 425 593 719 875 
51 204 426 594 766 932 
92 239 427 595 671 933 
96 185 391 476 767 934 
22 170 428 596 768 935 
80 221 429 531 708 866 
97 220 348 597 769 936 
97 256 430 598 770 937 
98 216 413 599 715 938 
16 265 431 600 771 927 
99 172 394 601 772 848 
72 266 432 589 707 939 
100 267 367 541 721 910 
101 253 433 547 690 838 
69 268 434 602 680 895 
102 269 435 524 686 940 
103 198 436 558 756 918 
1 270 412 603 773 895 
104 271 373 604 769 941 
105 198 386 532 774 942 
106 214 360 605 672 943 
107 189 437 519 775 837 
108 272 391 606 746 944 
109 273 409 607 776 945 
110 249 397 608 762 913 
111 265 438 568 777 946 
112 200 439 520 691 947 
113 274 440 609 768 943 
58 266 441 610 778 948 
114 181 442 611 779 949 
82 262 443 612 740 904 
53 275 443 547 780 950 
41 266 372 582 781 923 
115 250 444 612 730 923 
116 192 352 613 757 951 
50 274 445 614 749 952 
32 276 446 550 738 953 
117 221 376 615 782 954 
118 277 447 536 780 955 
59 278 448 563 783 956 
38 279 419 616 784 840 
111 280 418 617 785 919 
119 247 449 618 785 873 
100 236 429 601 786 957 
78 261 450 540 741 931 
25 237 424 582 773 930 
95 281 376 619 723 933 
3 282 451 620 787 958 
84 283 428 513 788 939 
70 284 413 520 754 959 
120 285 452 621 776 960 
6 286 371 583 789 849 
121 287 385 584 710 948 
63 288 403 620 679 928 
122 226 453 622 766 961 
123 171 454 623 689 962 
124 289 386 521 785 941 
125 268 364 619 675 942 
94 290 455 545 768 899 
96 206 422 624 790 963 
62 197 456 574 759 964 
92 291 370 613 789 863 
24 207 457 620 791 879 
42 292 439 625 792 965 
25 293 440 626 774 855 
94 267 404 627 793 936 
126 294 458 628 794 966 
103 295 347 614 795 937 
71 230 444 629 796 886 
127 204 372 630 729 920 
128 296 452 631 751 953 
129 234 459 632 677 882 
8 183 460 589 741 967 
34 168 377 595 708 968 
23 275 461 633 752 944 
19 297 462 629 797 947 
74 293 452 576 611 882 
95 195 338 542 745 867 
79 272 418 627 781 850 
52 290 463 539 748 853 
130 298 442 634 798 969 
57 184 464 635 799 970 
131 260 395 601 706 935 
98 299 349 636 684 871 
58 300 381 591 790 906 
132 300 465 528 800 921 
102 219 365 594 690 957 
118 203 367 637 739 835 
91 232 347 638 801 898 
133 211 466 595 802 857 
134 258 370 538 672 911 
23 301 439 573 803 971 
102 302 378 632 726 962 
135 282 467 534 804 866 
136 208 461 623 742 914 
137 303 467 631 805 934 
9 298 468 514 737 890 
138 234 430 566 766 884 
139 265 459 523 806 915 
46 304 416 639 807 864 
110 305 434 640 725 959 
36 306 469 612 770 926 
114 277 470 586 800 883 
140 307 397 638 704 908 
140 244 440 583 778 972 
141 242 396 565 775 973 
99 271 445 518 753 861 
142 308 460 521 808 867 
44 302 471 641 682 931 
120 309 435 642 809 878 
143 310 410 643 810 974 
125 311 472 644 739 975 
144 274 412 607 811 976 
145 312 344 610 700 977 
8 313 436 522 767 862 
68 182 473 645 733 851 
139 314 446 642 734 972 
82 315 341 569 750 846 
99 297 474 646 780 978 
45 271 380 639 783 963 
27 210 475 577 728 979 
36 299 465 513 777 843 
144 243 463 647 728 955 
104 242 471 648 799 865 
146 316 340 528 812 922 
147 317 471 569 808 913 
148 279 476 630 796 836 
65 287 351 649 686 978 
38 273 416 562 737 980 
121 190 477 537 813 907 
134 222 332 579 814 962 
149 196 379 642 805 970 
150 254 460 615 685 943 
151 212 478 650 795 847 
152 225 344 651 815 842 
145 267 457 608 703 856 
57 318 423 617 816 981 
60 319 380 652 736 852 
126 283 404 635 685 955 
44 288 388 653 817 956 
71 186 479 555 778 982 
80 279 353 577 818 983 
137 241 394 648 714 881 
106 310 480 546 715 942 
136 288 481 559 765 919 
65 311 398 515 805 837 
142 253 393 654 777 964 
138 320 441 633 772 876 
153 280 426 575 819 842 
73 308 427 646 771 899 
154 320 388 618 703 921 
138 291 482 596 810 967 
54 179 483 655 797 968 
133 230 484 628 747 981 
149 173 453 498 820 973 
134 321 485 640 700 844 
86 322 481 604 743 984 
61 322 409 541 755 912 
130 259 431 656 720 958 
30 311 486 605 791 892 
117 315 487 506 735 864 
59 276 361 593 761 845 
16 182 408 651 742 839 
155 250 352 580 821 945 
49 231 462 538 788 845 
7 285 458 584 798 865 
4 206 488 554 794 985 
156 268 353 650 809 893 
157 290 369 638 692 953 
157 216 336 653 822 854 
121 323 405 657 702 986 
129 273 484 511 769 975 
103 207 359 606 735 849 
29 188 489 560 797 885 
45 324 406 598 811 964 
15 325 449 606 773 982 
124 321 477 548 822 979 
130 200 465 579 673 987 
90 187 490 627 792 961 
101 176 403 658 812 960 
111 241 378 602 820 988 
78 326 441 527 823 934 
49 318 491 659 806 952 
26 218 488 616 771 989 
158 286 414 656 687 868 
48 327 445 570 727 877 
50 306 357 552 819 970 
30 285 401 647 753 977 
154 276 478 587 824 881 
108 172 492 597 801 928 
159 240 450 605 800 980 
41 328 487 660 815 978 
64 293 354 527 825 968 
119 319 334 586 801 893 
88 329 493 655 718 920 
14 327 494 661 744 990 
160 324 495 637 804 991 
161 222 466 509 615 888 
39 281 496 654 817 948 
98 270 482 600 804 984 
115 321 399 603 693 875 
35 269 493 658 675 979 
61 228 479 546 779 992 
100 316 368 575 784 854 
81 202 443 563 787 930 
159 203 433 662 684 917 
148 330 481 663 691 954 
107 329 357 634 789 946 
76 252 411 664 786 966 
159 331 425 564 763 993 
162 212 458 559 660 902 
43 304 492 505 757 971 
67 264 364 648 712 872 
142 246 402 651 729 906 
55 296 429 644 697 969 
122 323 419 626 816 956 
75 240 359 631 722 936 
160 195 423 580 716 878 
156 303 447 632 826 990 
97 294 448 531 744 994 
52 328 483 637 761 922 
48 278 475 665 802 859 
74 178 426 665 794 935 
4 297 340 666 818 918 
125 229 454 518 693 995 
163 302 328 543 733 969 
123 291 383 621 712 959 
143 213 476 652 793 841 
145 223 497 522 827 900 
164 190 432 611 795 897 
127 175 498 599 682 885 
60 217 499 596 719 908 
79 326 470 643 759 994 
162 258 437 645 758 996 
151 280 369 613 787 980 
140 275 485 619 824 963 
150 245 400 655 828 951 
5 194 337 667 722 995 
165 272 500 645 734 903 
155 308 410 653 829 896 
10 301 480 590 812 887 
143 295 462 549 830 905 
15 261 501 609 738 848 
93 171 457 599 705 924 
9 254 387 664 783 889 
141 332 438 585 709 985 
149 210 363 661 765 927 
101 292 466 600 799 986 
86 177 468 657 699 973 
55 215 438 592 826 995 
84 251 390 668 748 997 
119 281 473 666 770 984 
17 333 502 551 828 902 
136 334 405 594 831 887 
64 201 478 556 709 957 
108 175 417 548 798 998 
14 255 358 593 803 910 
128 278 473 608 821 998 
46 177 472 534 781 950 
131 235 459 517 832 911 
153 315 480 669 823 945 
66 309 417 626 786 900 
120 186 384 540 815 991 
115 257 379 662 831 890 
135 313 501 617 814 926 
35 327 345 668 825 924 
152 252 500 536 831 933 
5 233 496 567 833 999 
83 244 377 652 750 975 
166 264 420 665 717 1000 
3 213 337 543 811 966 
1 303 389 581 718 909 
123 277 446 622 701 971 
165 237 503 526 829 847 
164 209 472 629 720 932 
158 322 503 635 827 1001 
87 205 474 670 806 925 
20 329 490 650 814 917 
85 238 375 508 792 876 
18 333 447 667 688 860 
118 227 414 552 696 988 
116 283 425 614 758 929 
158 232 402 544 616 997 
89 247 483 533 779 914 
135 228 463 551 824 863 
152 330 361 515 731 938 
11 263 497 639 730 946 
133 325 454 561 807 996 
113 333 385 658 756 981 
162 326 371 588 713 989 
144 301 395 640 705 988 
28 218 434 525 745 1001 
91 260 383 668 716 954 
93 257 420 663 775 974 
107 314 381 647 782 997 
113 196 504 585 832 944 
2 335 407 644 830 855 
147 284 350 557 793 898 
81 289 482 564 826 897 
54 296 300 669 743 999 
104 336 488 581 803 1002 
37 282 399 533 732 976 
167 224 444 535 772 998 
112 236 494 561 821 894 
146 201 501 604 834 1002 
122 176 479 516 723 977 
27 270 486 659 740 992 
167 178 468 542 822 852 
96 312 421 568 835 961 
11 323 396 671 746 958 
163 286 400 625 749 880 
53 259 345 545 680 857 
139 180 411 506 810 838 
66 199 489 649 836 993 
129 316 485 572 694 851 
109 231 349 556 689 989 
124 238 464 670 790 993 
117 223 442 603 784 874 
163 249 464 505 823 990 
26 192 486 550 696 1002 
6 335 499 514 796 987 
77 307 469 530 825 901 
157 188 494 656 676 939 
40 189 499 646 816 949 
56 299 449 672 827 960 
132 330 455 667 681 932 
105 304 431 630 837 976 
156 220 489 610 683 974 
127 181 448 625 688 844 
69 298 382 624 832 1000 
141 262 493 597 762 965 
131 331 451 654 830 860 
12 337 503 622 707 877 
109 317 432 666 791 888 
70 229 487 571 788 985 
31 317 475 526 760 909 
154 194 436 649 776 965 
112 313 406 660 711 915 
155 255 437 602 681 871 
147 243 358 623 809 843 
116 335 461 509 813 994 
13 331 497 641 802 987 
106 225 484 592 736 983 
68 173 427 607 763 907 
75 305 415 508 711 949 
164 306 421 510 755 983 
34 269 415 663 752 952 
161 312 435 590 697 941 
88 226 428 474 807 991 
151 292 338 570 674 886 
17 202 346 643 760 999 
63 183 422 573 833 940 
166 320 500 549 747 868 
114 307 398 664 678 986 
67 314 495 628 767 951 
146 287 492 662 808 870 
165 174 456 502 820 967 
137 310 424 634 701 925 
51 295 362 670 751 904 
90 294 393 530 671 940 
73 208 491 507 828 938 
85 309 502 562 764 937 
153 187 477 636 714 972 
76 289 453 578 724 992 
161 284 470 659 817 853 
83 318 455 621 818 901 
128 248 382 553 819 841 
31 215 433 618 695 858 
167 184 450 598 731 856 
72 338 467 524 774 1000 
7 324 389 669 676 1001 
37 263 498 633 727 834 
148 245 430 571 692 950 
150 336 451 553 587 996 
160 305 354 565 813 982 
132 205 346 544 835 929 
126 209 373 636 764 879 
24 319 456 641 782 916 
105 251 496 588 834 947 
110 256 407 657 833 874 
166 168 504 572 836 894 
