136	169	318	470	592	741
34	145	400	461	553	709
89	259	298	411	627	682
48	258	395	507	636	805
126	186	344	436	631	757
72	166	284	452	639	786
23	242	289	474	648	722
83	179	276	537	663	761
77	171	330	522	666	731
68	156	314	516	560	734
82	158	307	505	614	789
9	226	274	514	595	799
51	142	365	501	611	783
73	159	377	479	566	801
84	249	380	442	574	728
38	252	336	454	603	763
113	251	308	425	659	715
40	138	323	543	562	717
80	222	304	426	588	716
121	234	390	450	623	724
19	225	295	531	548	712
99	150	305	418	587	745
8	207	335	438	638	778
119	162	280	434	554	808
22	217	358	518	575	764
70	245	297	491	622	732
86	181	403	544	602	793
81	230	338	464	625	693
85	221	379	521	652	706
52	270	334	510	672	730
98	268	273	439	621	765
28	260	407	453	674	723
2	184	311	493	556	807
4	211	315	480	677	692
39	144	397	484	576	767
124	187	291	435	656	776
97	176	372	476	559	762
117	233	316	500	571	737
133	231	328	457	655	725
120	206	399	517	583	784
95	175	306	530	565	758
10	193	392	495	545	746
43	215	357	515	670	790
135	164	350	420	569	696
129	255	337	519	640	796
17	152	275	417	572	802
131	199	310	503	664	702
87	271	378	460	624	698
31	238	326	533	573	803
13	172	370	542	591	721
60	244	325	469	610	806
27	160	371	529	634	688
101	212	382	482	651	772
93	183	393	448	613	700
58	218	279	508	675	729
41	213	376	432	594	770
1	257	286	488	643	710
5	241	287	433	615	780
92	223	401	410	600	809
108	209	361	496	582	751
111	216	404	538	607	684
75	208	288	466	581	713
35	236	309	424	577	781
130	239	353	528	570	738
53	204	385	458	617	798
7	167	347	506	593	718
55	147	348	467	557	811
59	227	319	489	597	815
71	248	322	428	668	735
116	262	327	472	547	752
45	196	398	414	558	748
6	197	300	520	612	788
20	220	408	492	568	705
78	143	277	478	609	743
14	229	389	487	658	719
132	180	303	462	578	816
109	246	285	421	628	749
16	228	293	455	629	756
104	178	278	490	551	686
107	170	367	456	642	697
64	141	301	431	669	779
29	200	405	485	616	744
37	190	320	498	680	699
57	191	346	430	599	689
47	177	340	471	585	714
123	146	396	409	650	800
90	264	349	504	605	813
44	195	342	511	579	704
33	265	364	541	646	733
91	224	331	502	662	694
100	153	356	512	619	804
26	148	299	412	633	812
67	182	363	463	561	736
69	237	339	523	608	810
102	154	345	446	567	701
115	263	302	440	550	703
56	185	332	441	667	695
54	189	374	497	586	708
65	202	282	536	589	754
62	192	292	525	626	742
49	140	290	481	632	768
63	272	386	416	645	797
118	243	373	513	661	726
30	269	321	486	564	795
106	250	354	483	654	681
79	205	394	539	606	687
50	157	360	524	641	690
15	210	406	451	552	691
112	235	383	535	584	766
127	254	355	534	637	775
46	151	283	444	630	685
76	198	343	526	644	739
24	163	329	477	563	683
122	203	381	422	676	711
105	165	366	459	678	794
61	256	359	445	665	814
66	253	387	427	649	760
11	155	391	449	590	755
94	139	317	443	618	787
42	214	352	468	660	774
110	173	296	423	596	792
25	240	312	447	604	782
128	201	362	437	580	750
103	194	375	429	620	759
74	219	333	473	679	791
88	247	313	465	657	740
125	188	402	475	653	773
114	232	341	499	673	707
96	149	294	413	671	720
32	174	384	509	635	785
36	161	281	494	546	747
12	267	369	415	598	771
3	261	351	540	601	769
21	168	368	532	647	777
18	266	388	419	549	753
134	137	324	527	555	727
19	260	389	433	569	705
39	228	353	456	650	721
123	168	301	516	592	784
2	207	313	423	590	765
78	264	344	491	628	729
117	236	333	502	647	764
49	208	306	523	621	770
70	267	400	530	578	696
100	203	351	419	586	760
71	178	321	471	575	757
61	265	399	506	573	795
103	159	285	442	651	703
114	146	404	430	623	810
40	144	349	464	626	802
111	244	382	448	656	746
60	183	308	470	546	726
91	143	401	429	655	816
62	193	370	505	599	785
97	145	383	465	582	706
104	259	299	422	634	691
11	175	278	460	601	735
36	191	323	439	654	685
110	137	395	475	591	689
80	164	362	463	641	686
21	232	350	512	629	739
58	204	373	484	619	710
120	199	366	450	668	722
75	141	298	532	648	812
108	142	339	432	615	800
83	243	282	409	616	799
131	194	326	473	627	761
25	170	317	452	661	754
98	184	341	424	622	813
92	167	352	421	563	796
115	158	360	438	611	695
33	139	346	476	612	737
3	270	297	417	675	684
86	240	375	487	567	749
81	156	329	497	566	777
46	252	314	538	610	725
87	230	384	494	597	811
24	165	331	517	585	779
13	249	371	521	560	720
116	238	368	489	642	766
42	272	342	481	676	740
95	231	365	485	574	798
76	256	319	420	631	738
128	173	393	414	636	698
53	172	316	446	638	805
28	258	394	541	551	783
90	162	296	525	674	788
119	166	305	459	624	787
8	269	283	431	550	694
51	150	356	437	559	791
107	160	328	461	580	789
133	226	391	441	607	797
56	152	407	509	645	744
113	241	309	411	596	758
27	206	358	542	643	683
44	229	275	427	555	808
109	268	294	443	672	753
79	174	376	474	581	717
14	215	276	486	553	815
22	246	364	451	637	730
12	171	336	499	568	692
57	218	290	543	579	809
93	163	359	479	646	718
15	200	312	518	633	743
73	271	408	526	587	778
122	227	354	436	556	714
16	153	402	537	630	751
35	237	347	449	659	792
4	161	390	425	606	804
59	202	392	466	552	747
94	250	287	534	584	748
48	155	388	515	669	711
41	219	324	520	609	793
68	266	396	492	644	704
129	247	310	501	589	794
26	210	292	535	673	768
72	224	340	495	680	755
9	195	303	480	549	734
89	248	320	490	614	776
106	196	300	428	658	712
69	216	332	544	604	700
52	235	335	458	635	693
55	185	345	514	562	773
23	217	379	453	548	681
84	192	385	539	608	707
124	205	289	469	653	699
6	214	361	527	666	750
30	181	295	500	670	745
135	220	405	524	576	752
54	177	380	508	545	803
63	187	284	529	679	709
17	147	355	444	667	708
88	138	372	483	677	774
96	223	387	477	665	763
64	262	397	467	639	715
127	253	348	493	571	767
66	179	334	410	558	775
10	242	281	445	595	732
82	188	343	472	572	782
99	245	318	468	602	786
47	254	307	462	625	731
32	148	377	510	618	762
37	197	337	435	603	807
112	233	363	426	662	701
134	212	398	454	598	687
18	213	381	498	557	733
74	182	357	418	577	716
130	209	325	412	617	772
5	157	302	416	554	727
7	190	279	511	570	719
102	211	286	482	664	697
38	222	291	513	613	736
1	180	386	540	600	690
85	225	406	536	583	756
121	239	273	457	561	790
136	234	378	522	632	702
118	255	369	528	649	723
29	198	304	531	564	814
45	140	274	447	660	688
34	186	277	507	640	759
65	201	367	478	620	801
77	176	280	440	663	780
50	189	311	415	657	769
20	221	338	488	565	771
101	251	374	503	593	806
105	169	322	496	671	724
126	257	330	455	594	742
125	151	315	434	605	713
43	261	288	504	652	728
132	263	293	519	678	741
31	154	403	413	547	682
67	149	327	533	588	781
45	223	281	455	645	785
41	200	297	410	651	682
123	263	404	486	557	737
120	189	291	539	597	786
132	167	283	531	556	789
129	209	282	449	660	732
42	259	308	465	668	777
126	159	289	511	573	800
30	150	391	428	546	801
21	216	388	543	552	812
44	137	349	500	595	754
35	251	373	501	667	741
27	184	385	414	624	808
79	155	301	453	601	685
60	235	290	489	616	722
29	161	402	509	639	778
125	203	392	480	589	738
136	154	276	514	596	681
61	254	354	521	574	772
72	207	338	508	592	711
87	262	387	416	641	705
98	217	337	429	564	718
49	211	296	541	669	690
74	156	342	437	662	816
84	220	355	502	562	811
112	201	293	490	555	733
25	173	275	525	582	695
26	269	298	473	583	684
6	138	312	497	640	780
107	264	335	427	636	802
114	242	347	535	609	813
118	270	383	463	630	714
110	143	321	421	568	703
16	258	397	443	594	746
86	260	273	466	643	768
59	188	329	422	590	700
46	205	384	520	572	720
134	271	380	536	619	810
78	208	374	468	646	765
33	272	365	519	674	776
113	160	274	413	673	750
88	229	326	499	635	805
19	199	311	441	679	788
18	197	343	527	584	736
93	179	364	538	571	790
53	186	363	471	655	779
10	249	406	529	563	742
40	232	360	517	648	709
119	233	389	537	653	804
81	151	292	467	670	760
103	231	394	478	611	758
130	183	304	452	644	815
14	256	377	419	661	708
50	163	332	469	626	696
116	247	328	474	656	735
32	237	319	484	606	712
38	225	279	523	598	713
100	157	357	461	649	734
39	239	314	494	575	814
76	243	299	516	549	724
23	139	324	487	566	783
91	219	310	492	593	721
111	152	284	459	587	803
56	149	370	485	634	759
115	268	316	456	664	719
95	244	356	493	622	809
82	172	368	481	603	716
2	180	408	524	581	744
92	162	317	436	567	791
24	140	381	448	628	794
99	240	399	454	623	756
11	142	340	439	553	694
90	176	400	451	586	689
97	266	350	491	638	769
48	168	390	435	663	798
1	253	382	447	602	739
3	146	322	530	599	795
117	165	327	442	578	691
128	214	307	424	642	793
65	147	361	472	604	688
52	171	313	488	585	797
55	177	318	513	605	745
133	195	358	534	591	693
102	250	341	433	672	764
54	218	305	430	637	807
57	248	278	434	559	749
47	190	323	477	631	729
75	196	315	432	647	806
66	245	376	415	629	784
94	193	386	444	621	747
64	181	346	483	610	770
34	252	334	462	570	796
17	267	300	507	659	743
108	224	294	503	613	686
80	221	280	476	561	761
131	228	393	426	577	731
83	210	285	544	560	792
135	191	366	431	650	740
89	222	336	482	612	687
73	187	330	458	633	697
37	236	345	475	652	730
28	213	339	440	565	704
36	241	401	522	675	787
13	261	379	423	618	715
127	215	320	533	676	752
69	206	303	496	617	728
71	148	306	446	666	717
109	230	348	505	551	727
63	166	396	540	632	699
15	198	372	412	665	702
124	170	288	460	547	692
68	202	331	417	607	707
58	234	405	506	654	766
121	246	378	532	658	683
12	257	295	411	615	751
104	227	398	498	671	698
51	255	351	504	657	726
20	175	359	450	554	710
8	212	309	457	580	775
9	265	407	464	600	725
122	204	369	542	608	767
62	194	352	526	614	723
70	178	344	518	625	755
77	144	277	495	588	782
5	226	367	528	627	763
106	238	325	420	680	774
105	145	286	425	550	753
85	185	371	510	620	799
67	174	403	470	678	773
31	164	353	409	558	771
101	182	302	445	576	762
7	192	395	515	545	781
4	158	362	512	569	701
43	169	287	418	579	706
22	153	333	438	548	748
96	141	375	479	677	757
