1 172 346 517 690 857 
2 173 347 518 691 858 
3 174 348 519 692 859 
4 175 349 520 693 860 
5 176 350 521 694 861 
6 177 351 522 695 862 
7 178 352 523 696 863 
8 174 353 524 697 864 
9 179 354 525 698 865 
10 180 355 524 699 866 
11 181 356 526 700 867 
12 182 349 527 701 868 
13 183 357 528 702 869 
14 184 358 529 703 870 
15 185 359 530 704 871 
13 186 360 531 705 872 
16 187 361 532 706 873 
17 188 362 533 673 874 
18 189 363 534 707 875 
2 179 364 535 708 876 
19 190 365 536 709 877 
20 191 366 528 710 878 
21 191 367 537 711 879 
22 192 368 538 712 880 
23 193 369 539 713 881 
24 194 370 540 714 882 
19 195 371 541 665 883 
25 196 372 542 637 877 
26 197 373 543 715 884 
27 198 356 544 716 885 
10 199 374 545 717 886 
28 200 375 546 718 887 
29 201 376 547 719 888 
30 197 359 548 720 889 
31 202 377 549 721 890 
32 203 378 550 692 879 
33 204 379 551 720 891 
33 205 380 552 722 892 
34 206 381 553 723 893 
35 207 382 535 724 866 
36 208 383 554 720 894 
29 209 371 555 699 895 
37 210 384 554 725 896 
38 211 385 556 726 897 
39 212 354 557 727 898 
33 193 386 558 728 899 
40 213 387 559 723 900 
41 214 388 560 698 901 
42 215 389 561 729 902 
43 216 390 562 730 903 
28 217 345 563 704 904 
44 218 391 564 731 905 
45 219 392 565 714 906 
46 220 393 566 732 900 
47 221 394 567 733 907 
48 222 395 568 734 908 
43 223 377 519 735 867 
49 217 396 524 736 909 
50 224 397 569 737 910 
51 225 398 570 738 905 
47 226 399 563 739 911 
52 227 359 534 709 912 
53 228 400 571 697 913 
54 193 401 562 740 914 
55 229 402 572 741 915 
56 230 403 573 722 916 
57 231 404 574 742 917 
58 232 405 575 699 885 
59 233 383 576 712 855 
60 180 406 577 705 918 
61 234 366 578 743 919 
62 235 407 517 725 903 
63 236 408 579 744 920 
39 237 400 520 745 921 
64 238 360 580 746 922 
65 239 409 581 747 902 
66 240 410 582 748 876 
42 241 411 583 708 923 
67 233 412 527 724 924 
68 242 413 584 734 925 
21 243 414 555 749 926 
69 244 409 585 738 927 
70 219 415 586 716 921 
71 245 395 587 750 928 
72 246 416 525 751 887 
73 247 417 588 752 929 
74 248 351 557 649 930 
62 211 418 589 706 931 
75 249 419 590 698 932 
22 250 418 591 753 875 
20 251 420 491 754 933 
76 252 421 592 755 923 
77 253 412 555 756 908 
12 254 422 593 755 934 
78 255 387 594 757 925 
32 256 423 595 736 935 
18 257 424 596 758 854 
79 246 409 597 759 936 
80 191 425 598 760 937 
81 199 426 544 747 938 
82 249 427 599 723 859 
83 258 383 600 761 939 
21 259 392 601 732 940 
77 260 408 602 762 936 
56 261 363 603 763 941 
84 262 428 543 764 883 
85 263 429 528 668 881 
86 227 429 604 765 942 
87 264 430 587 760 943 
88 239 431 579 763 859 
89 265 432 605 766 858 
89 224 433 606 767 944 
90 235 399 607 768 945 
91 266 433 608 769 946 
92 248 434 536 770 851 
93 250 435 573 771 864 
40 267 436 541 772 947 
87 185 400 516 773 899 
94 216 436 609 774 861 
47 214 352 610 748 948 
95 185 437 611 775 897 
96 204 438 612 776 930 
92 268 384 613 737 949 
51 269 439 614 711 950 
97 220 366 615 777 951 
80 221 440 616 689 952 
97 257 441 617 778 953 
22 270 426 618 702 865 
98 172 442 619 779 954 
99 271 443 620 780 955 
100 268 337 616 696 883 
72 272 440 603 730 922 
16 273 444 531 781 904 
101 198 445 547 782 956 
102 239 405 621 783 957 
103 274 372 551 711 917 
69 189 446 622 784 958 
104 267 447 604 785 959 
105 198 448 623 718 861 
106 275 441 590 786 960 
1 276 449 624 749 912 
107 214 450 625 705 890 
108 277 451 574 759 961 
109 269 344 518 787 909 
110 272 452 626 731 928 
111 200 453 621 772 858 
112 278 424 564 733 954 
113 252 454 627 744 958 
114 181 455 628 788 962 
115 279 456 629 789 963 
58 280 413 523 722 873 
116 281 457 619 735 950 
82 282 449 485 790 894 
53 283 458 623 752 964 
41 192 459 630 791 943 
117 264 345 631 792 965 
118 284 390 632 793 889 
111 221 423 633 794 966 
50 285 355 589 795 894 
32 286 358 543 796 865 
119 262 460 634 666 966 
59 287 375 635 768 967 
38 247 365 636 744 868 
120 259 461 637 797 968 
121 280 462 519 798 969 
100 254 463 580 799 969 
78 237 464 615 696 970 
95 288 465 602 769 860 
25 289 466 624 796 971 
84 290 467 638 770 972 
122 291 396 639 783 973 
3 292 417 507 800 974 
70 263 468 567 801 975 
123 197 469 640 757 931 
124 226 421 611 734 976 
6 274 429 641 802 964 
63 293 470 573 791 970 
125 294 396 537 708 944 
126 206 460 533 803 977 
96 207 471 642 804 881 
94 277 472 643 795 972 
127 295 471 620 645 920 
62 296 393 576 805 916 
92 297 389 571 765 978 
94 298 423 644 806 882 
24 299 473 645 807 934 
103 234 446 646 805 979 
42 204 353 647 808 968 
25 230 445 648 745 980 
128 300 451 639 809 941 
71 293 370 634 740 981 
129 183 474 523 726 896 
130 236 397 632 743 961 
131 301 431 649 806 914 
95 284 351 618 810 969 
74 261 461 584 811 982 
8 195 475 618 777 983 
34 302 420 625 703 984 
23 303 476 561 800 967 
19 294 477 650 812 886 
132 184 465 651 809 985 
79 258 433 652 813 898 
98 304 381 592 814 940 
52 295 478 653 691 979 
57 285 479 654 812 874 
133 219 391 655 715 901 
118 211 411 656 815 964 
102 305 367 549 816 972 
58 208 365 657 817 986 
134 306 467 577 727 903 
91 203 480 658 808 928 
135 307 437 659 818 867 
136 308 481 626 819 897 
102 288 369 576 807 907 
137 232 404 640 710 948 
138 234 482 631 788 862 
23 276 483 650 820 924 
139 291 461 660 721 960 
140 242 481 624 669 947 
140 301 458 661 821 965 
110 251 484 595 822 896 
9 309 476 548 701 911 
114 310 350 662 823 987 
46 273 434 663 824 988 
141 278 485 572 803 877 
36 300 459 522 825 975 
142 311 330 535 679 974 
143 312 486 625 826 925 
120 308 397 635 719 901 
99 313 379 545 777 989 
144 314 479 598 729 990 
125 182 448 585 775 900 
44 275 487 664 701 991 
145 270 405 609 822 906 
144 266 442 638 751 992 
139 244 488 665 704 929 
146 250 489 658 739 990 
147 315 472 533 801 863 
68 210 419 591 827 870 
8 316 346 666 828 960 
99 243 442 531 742 916 
82 271 352 622 829 942 
148 242 490 645 770 993 
45 289 474 515 739 994 
36 222 358 518 786 995 
27 212 491 634 799 968 
104 296 382 667 682 996 
149 290 395 552 830 871 
150 317 399 612 751 997 
121 318 492 641 831 935 
134 190 386 580 785 902 
151 272 408 623 787 884 
38 319 464 581 832 998 
65 196 493 628 833 888 
152 313 428 591 738 999 
153 320 403 633 773 949 
154 321 416 508 818 923 
142 225 385 609 761 1000 
137 261 378 515 813 871 
126 319 494 590 724 941 
145 186 445 607 829 915 
57 322 428 559 834 1001 
60 323 452 643 810 911 
136 241 447 610 725 1002 
44 324 444 600 793 857 
71 231 449 668 774 870 
80 316 495 552 758 931 
106 230 496 643 700 944 
155 325 394 669 721 992 
138 318 398 565 835 978 
65 326 402 666 742 1003 
149 252 390 670 800 996 
156 179 346 578 798 980 
138 279 443 539 836 889 
73 304 453 534 754 994 
157 173 392 536 837 936 
133 282 426 606 788 907 
54 299 446 611 834 857 
134 264 489 594 838 939 
130 271 463 664 796 1000 
158 327 432 538 833 872 
86 328 497 646 817 874 
117 241 473 608 774 952 
61 258 427 626 776 999 
157 182 498 631 839 959 
30 329 368 615 821 1002 
59 313 472 530 840 973 
159 302 376 589 784 943 
16 330 466 522 729 895 
160 321 499 621 779 945 
49 301 393 616 804 976 
7 216 347 566 693 719 
154 206 357 657 689 974 
4 331 438 574 841 933 
121 207 368 613 834 937 
129 188 465 582 842 962 
124 303 500 648 754 962 
103 240 501 639 827 939 
130 332 497 630 700 914 
29 200 410 671 830 920 
45 329 376 672 843 1003 
15 176 480 607 831 951 
111 187 502 571 811 946 
90 218 491 597 735 862 
101 306 344 641 732 1004 
161 317 431 577 674 980 
162 255 372 673 804 983 
78 333 451 601 750 987 
49 322 476 572 714 1005 
26 334 434 622 818 1006 
159 335 362 599 844 1007 
108 321 348 655 717 984 
48 324 482 674 741 932 
50 333 503 588 728 1008 
30 172 504 579 766 913 
163 222 389 517 792 1009 
119 336 413 675 789 938 
64 336 435 565 768 958 
41 306 499 521 820 986 
159 228 379 593 845 1005 
88 287 478 529 782 947 
148 275 355 676 846 879 
14 315 398 677 767 982 
98 300 406 663 756 853 
115 202 496 593 825 937 
39 296 474 644 803 1010 
160 260 441 551 819 988 
35 229 505 665 801 913 
61 298 380 560 847 1009 
100 277 457 584 843 893 
164 203 388 512 778 949 
81 309 447 596 663 1011 
165 217 357 678 782 910 
107 337 506 679 713 898 
142 283 495 676 771 984 
76 212 477 640 831 1008 
156 319 450 606 764 926 
67 323 492 597 848 1000 
43 322 459 680 745 856 
122 298 493 642 762 1002 
55 281 507 544 827 1012 
166 335 487 540 849 886 
162 303 425 636 652 1004 
75 195 500 514 730 934 
125 338 443 651 822 888 
97 332 402 669 844 860 
143 240 508 570 695 1003 
52 178 452 559 771 953 
48 270 349 653 850 988 
74 339 485 556 778 1013 
4 265 381 556 736 981 
167 246 509 667 781 868 
123 223 435 506 823 904 
145 340 424 594 851 891 
168 213 374 557 809 1014 
151 175 501 613 849 1015 
127 190 455 570 814 869 
165 318 437 532 845 1016 
79 329 490 558 733 986 
60 194 498 681 783 878 
140 307 388 601 850 996 
150 254 410 652 840 906 
169 305 494 654 775 1015 
155 255 510 527 780 922 
5 325 511 671 715 963 
149 302 510 675 824 998 
143 266 347 630 746 935 
141 256 496 588 765 985 
10 171 343 662 761 875 
153 245 462 583 829 992 
15 331 425 682 837 856 
93 332 453 614 847 1011 
9 263 457 602 707 1017 
152 177 356 583 837 924 
101 210 438 683 688 957 
119 215 414 682 752 1006 
55 312 430 511 755 910 
86 235 470 545 685 890 
84 253 364 628 793 1013 
128 283 360 548 797 1009 
108 201 482 627 769 977 
17 175 407 684 832 919 
64 177 512 599 830 985 
131 253 341 685 753 946 
14 341 422 610 716 1016 
136 304 509 568 713 1001 
46 314 348 648 728 882 
135 257 415 629 820 977 
120 227 401 575 838 1005 
66 186 483 632 786 892 
115 308 361 668 852 991 
164 309 494 678 841 971 
168 336 513 598 766 1018 
169 209 458 592 791 999 
35 338 378 685 799 1018 
83 237 483 550 835 1019 
5 232 463 659 805 993 
123 233 475 684 740 1012 
158 289 514 683 823 876 
3 342 456 546 814 989 
1 213 422 642 846 998 
162 286 415 662 811 959 
158 205 341 540 836 953 
152 324 440 582 853 1008 
87 256 412 655 690 930 
85 335 342 585 794 993 
20 343 512 562 741 1020 
18 228 506 537 726 995 
116 310 488 539 854 926 
118 281 427 681 851 966 
135 247 374 683 746 908 
89 238 382 542 707 948 
168 312 361 558 839 1021 
170 342 513 637 787 932 
133 244 467 553 825 976 
11 278 407 661 702 866 
113 337 391 604 844 957 
169 344 444 644 767 1007 
144 218 369 678 757 918 
93 299 354 657 756 1018 
28 328 484 586 764 991 
91 334 385 546 828 1019 
107 196 370 530 779 873 
113 280 448 658 854 975 
147 236 500 686 785 950 
2 339 487 687 835 917 
81 295 403 521 816 929 
104 249 503 638 836 956 
54 311 419 586 795 1010 
146 292 404 617 677 1014 
37 276 505 566 747 884 
112 224 371 646 763 955 
163 305 511 542 824 1019 
164 201 470 605 855 927 
122 176 468 568 784 971 
27 334 514 549 762 899 
163 178 477 688 773 1022 
96 293 502 664 709 872 
11 327 469 660 802 1001 
170 180 394 651 845 893 
53 231 455 563 712 1023 
129 199 439 680 750 997 
66 307 353 553 839 955 
124 238 498 554 828 970 
109 223 503 649 749 869 
139 340 479 529 693 880 
117 343 469 581 810 956 
157 320 497 619 727 967 
77 192 456 681 841 979 
6 294 490 670 753 915 
26 188 481 647 760 954 
156 287 515 526 717 952 
132 189 436 561 802 921 
40 260 480 672 748 938 
56 345 454 650 703 1024 
105 285 380 629 848 1017 
141 330 478 675 847 927 
127 220 460 687 792 918 
166 181 492 671 797 990 
69 333 502 526 819 1015 
131 331 486 564 718 863 
109 229 484 647 807 1016 
12 311 499 660 776 978 
70 265 377 620 838 1020 
154 259 418 595 789 1022 
31 194 508 596 813 864 
112 297 439 493 798 963 
155 269 401 538 758 945 
147 248 509 547 710 987 
161 243 501 670 697 994 
116 226 373 687 737 973 
13 325 364 636 692 1023 
106 225 414 567 842 1011 
68 173 516 686 832 1024 
75 326 406 550 815 1021 
165 282 495 686 806 1022 
34 274 505 633 856 1023 
151 314 450 575 843 983 
88 279 384 587 846 1021 
171 338 416 688 852 1010 
17 326 454 659 772 891 
63 183 488 608 848 1014 
170 284 471 677 817 1006 
114 202 504 656 731 1024 
67 273 468 569 821 997 
146 297 420 653 815 887 
161 286 473 654 833 951 
137 323 411 614 826 989 
51 174 421 672 781 912 
90 315 430 679 849 1017 
73 268 510 578 852 885 
85 208 486 603 690 850 
153 288 432 676 743 1004 
76 187 340 680 790 1012 
171 290 466 617 684 940 
128 251 462 541 855 1007 
83 320 513 661 780 933 
166 267 367 674 706 1013 
31 184 464 612 794 895 
148 310 375 520 853 942 
72 215 350 605 790 892 
7 327 417 600 808 878 
37 291 362 525 826 965 
150 262 363 532 694 919 
160 245 373 667 812 982 
167 328 387 656 840 1020 
132 316 489 569 816 905 
126 205 504 635 695 909 
24 209 507 673 759 995 
105 317 475 689 691 961 
110 339 386 627 694 880 
167 292 516 560 842 981 
