353 341 289 132 125 62 
370 326 276 194 167 102 
440 384 296 78 54 20 
435 331 312 231 84 77 
425 403 366 228 206 80 
476 409 267 49 33 32 
387 352 337 235 217 111 
489 350 262 166 140 17 
474 415 348 233 218 61 
426 364 281 230 229 11 
450 400 263 110 71 55 
447 411 305 238 46 44 
435 338 318 176 91 4 
334 309 258 179 157 77 
485 462 425 156 97 90 
492 447 413 233 160 3 
458 388 378 246 192 36 
380 351 255 128 90 72 
441 339 327 204 129 103 
484 399 300 163 102 91 
470 344 337 183 120 82 
503 467 319 224 111 80 
492 373 370 242 216 56 
493 342 285 206 128 66 
504 434 286 230 225 93 
482 389 295 221 156 104 
422 384 377 159 158 74 
500 496 350 241 190 76 
481 476 262 223 23 13 
409 279 271 150 135 118 
498 463 313 76 31 1 
504 414 378 130 119 50 
401 374 271 249 218 168 
361 290 257 113 47 7 
445 296 267 212 159 87 
482 320 277 237 186 145 
418 293 280 171 123 10 
326 294 253 191 70 39 
422 366 340 211 205 110 
470 432 385 114 103 14 
480 372 324 212 169 117 
493 330 277 144 73 56 
489 433 421 240 142 6 
379 328 317 223 86 28 
477 436 358 248 115 19 
417 322 259 90 41 19 
487 445 439 202 188 83 
365 284 273 249 236 17 
469 323 284 207 190 40 
486 481 457 243 219 131 
450 438 266 177 101 1 
453 357 309 224 23 15 
424 364 339 86 81 24 
442 306 288 221 202 182 
376 354 320 229 143 56 
464 322 316 185 178 32 
365 363 334 150 146 62 
467 411 290 139 97 88 
490 451 366 249 184 51 
376 289 277 220 133 7 
461 387 299 172 130 106 
481 405 400 188 186 57 
429 276 259 239 134 43 
477 453 449 198 165 64 
440 371 338 242 149 103 
457 386 260 240 235 180 
494 363 358 213 91 21 
375 355 311 209 191 171 
455 370 283 244 136 64 
499 431 393 84 52 26 
488 430 328 200 163 151 
476 438 307 203 59 21 
496 420 395 183 170 88 
495 373 365 189 125 43 
417 371 324 207 145 37 
443 390 311 172 141 107 
333 310 266 222 155 46 
441 390 346 117 94 11 
375 329 287 163 101 37 
432 418 349 250 47 28 
397 360 298 189 142 58 
409 273 254 213 69 40 
434 400 398 211 109 5 
290 275 264 247 220 112 
465 421 270 236 201 121 
408 381 333 185 66 5 
466 367 320 221 74 55 
502 415 396 190 146 129 
502 500 484 123 60 57 
437 333 293 196 69 15 
486 416 368 226 220 107 
468 297 291 244 85 63 
503 451 264 250 199 164 
457 349 274 141 126 7 
422 327 278 191 137 89 
490 362 326 176 100 8 
424 376 303 165 115 95 
383 336 297 184 19 14 
499 465 443 200 20 8 
478 455 434 223 209 82 
471 437 257 162 78 45 
433 431 254 225 196 53 
469 428 304 157 36 31 
465 281 257 166 138 94 
397 357 279 209 50 22 
454 292 268 152 92 26 
501 460 354 164 126 93 
499 444 319 153 107 96 
404 357 315 243 199 6 
478 452 305 217 174 70 
432 405 279 124 98 23 
369 311 307 198 112 79 
378 356 303 210 174 122 
385 383 310 96 95 52 
410 332 329 154 34 4 
426 374 336 185 170 98 
359 353 324 192 179 54 
430 334 300 81 53 21 
484 335 329 205 92 74 
359 301 297 213 140 119 
446 442 317 122 65 6 
429 363 323 252 247 51 
406 259 253 172 146 16 
483 458 255 215 37 3 
348 331 298 180 174 115 
288 266 256 193 136 18 
486 318 304 197 133 45 
362 360 300 197 113 55 
435 341 256 242 148 57 
497 449 349 245 232 153 
468 413 275 187 132 108 
500 444 403 238 222 181 
415 394 299 168 126 59 
373 310 265 196 178 81 
423 386 283 99 41 34 
473 393 347 198 167 2 
456 402 361 248 187 12 
480 336 316 224 176 5 
493 475 256 194 39 10 
444 330 302 227 178 14 
299 265 262 158 88 18 
463 361 325 173 27 4 
479 423 416 246 243 87 
439 420 275 200 179 169 
402 359 338 100 95 60 
478 367 285 41 35 22 
471 397 396 177 108 66 
372 315 308 239 228 217 
487 446 420 241 51 16 
485 463 263 147 122 101 
490 398 394 238 118 29 
429 337 319 251 136 100 
501 404 356 142 116 47 
454 407 289 236 38 8 
494 427 307 144 134 49 
391 382 298 105 69 48 
492 467 347 79 33 30 
469 388 312 208 205 60 
452 427 344 119 116 104 
497 443 384 208 109 89 
433 391 261 241 192 137 
456 332 321 204 201 171 
494 485 323 98 63 22 
479 439 419 233 161 129 
410 301 270 237 153 127 
430 309 301 245 149 105 
412 330 265 94 84 9 
473 461 295 211 193 162 
346 340 274 239 104 24 
414 394 321 175 143 9 
472 396 339 181 154 121 
408 382 302 252 235 125 
489 482 410 130 72 67 
436 347 272 135 93 20 
491 351 253 214 195 61 
395 322 269 222 87 65 
447 328 269 216 207 71 
502 441 413 226 110 97 
427 411 358 121 67 15 
470 356 325 251 139 12 
421 371 281 175 165 139 
488 459 352 234 113 13 
455 402 368 182 116 44 
428 388 295 203 195 73 
477 393 368 164 109 48 
504 472 437 184 175 75 
498 466 270 203 159 155 
375 342 341 32 29 9 
398 377 284 252 231 33 
488 449 292 212 197 127 
483 475 448 108 96 89 
495 395 272 250 67 1 
479 343 314 215 180 117 
471 419 364 201 156 106 
390 280 273 167 152 78 
424 385 278 214 186 143 
438 436 261 120 61 48 
380 304 291 204 193 27 
345 335 306 102 75 50 
362 296 268 232 157 2 
412 344 264 182 124 40 
459 399 286 219 161 31 
487 389 308 86 85 42 
442 426 425 248 128 25 
445 407 367 210 26 25 
503 386 381 229 210 188 
379 345 314 231 36 3 
460 355 314 234 137 132 
360 343 291 169 111 42 
491 454 313 227 173 2 
491 399 258 58 42 30 
496 294 286 226 187 151 
456 278 269 206 155 123 
440 412 342 208 148 11 
414 401 340 199 158 72 
458 377 282 131 70 17 
292 282 258 99 65 25 
468 452 335 166 150 131 
475 346 276 106 38 28 
464 382 288 177 99 68 
406 372 353 105 77 59 
383 348 268 234 114 68 
462 355 263 168 76 46 
474 408 350 247 38 13 
417 317 261 244 218 214 
472 464 460 251 183 43 
501 294 254 147 75 34 
392 287 260 138 83 53 
369 325 285 162 160 49 
369 321 274 181 120 30 
451 405 332 141 135 68 
406 287 272 230 118 114 
428 374 282 45 29 27 
473 459 315 237 52 35 
462 416 305 219 147 64 
401 308 306 134 79 24 
403 392 303 215 145 124 
423 418 345 245 170 144 
461 379 313 83 80 12 
498 431 293 228 151 133 
480 474 389 138 127 112 
497 495 267 92 39 16 
316 312 271 73 63 18 
453 318 280 246 225 161 
407 351 327 160 140 10 
450 381 354 194 85 35 
466 392 283 232 149 44 
483 380 352 227 148 58 
446 391 260 216 154 82 
419 404 302 195 152 71 
448 387 331 202 173 62 
448 343 255 240 189 54 
