776 769 506 465 328 219 
767 762 695 422 259 43 
847 726 675 338 262 51 
1006 808 516 343 324 244 
883 876 722 430 257 117 
906 784 625 163 105 88 
855 624 524 416 218 152 
891 862 638 369 178 72 
825 824 744 421 193 20 
890 741 666 405 273 123 
786 550 533 235 215 14 
680 660 654 271 148 42 
898 639 506 411 263 192 
842 655 539 407 197 18 
755 565 549 323 255 96 
935 773 533 476 250 11 
969 756 634 292 277 95 
903 844 821 401 363 93 
899 868 554 407 391 216 
958 778 732 394 182 172 
671 569 515 396 381 241 
803 752 590 338 203 58 
848 788 667 335 288 161 
821 739 572 481 313 30 
923 804 685 476 436 221 
921 713 682 405 302 127 
910 751 704 385 376 241 
845 683 570 396 294 187 
1005 752 576 470 373 280 
730 648 561 413 335 165 
889 806 687 440 240 20 
819 560 518 459 457 8 
937 681 608 488 162 44 
977 888 520 263 168 146 
930 903 813 480 219 174 
829 681 593 259 251 127 
1008 895 775 368 327 66 
979 895 514 466 316 79 
911 745 672 78 17 16 
932 816 548 365 325 131 
748 685 571 425 364 261 
858 834 588 340 305 164 
883 859 697 419 337 83 
897 870 542 395 342 191 
918 811 684 296 260 52 
1001 990 710 329 147 132 
949 716 623 302 104 70 
830 809 600 318 302 3 
824 780 555 380 110 97 
964 700 634 499 254 98 
722 660 526 229 186 173 
851 810 513 498 162 55 
874 746 724 496 101 26 
665 616 520 411 300 100 
836 766 523 463 246 149 
860 746 744 227 89 10 
950 841 774 334 185 125 
974 865 626 392 142 135 
896 876 508 463 215 24 
911 734 686 129 126 120 
834 606 522 414 294 195 
825 748 548 467 384 163 
770 675 584 201 175 171 
1000 987 618 297 268 92 
900 644 537 455 406 247 
963 893 875 54 50 31 
964 869 784 443 409 102 
951 639 601 273 70 28 
846 642 596 466 328 304 
797 765 617 388 76 4 
944 657 543 369 283 279 
789 781 713 156 128 23 
945 806 507 477 339 126 
983 837 659 489 386 182 
942 789 636 225 204 175 
996 905 829 402 276 221 
843 783 639 478 276 246 
952 786 704 382 272 124 
958 735 593 448 118 61 
944 792 787 394 319 102 
721 677 620 359 355 101 
918 757 725 349 300 7 
966 956 714 124 49 44 
993 932 692 369 256 158 
906 886 558 331 35 30 
1002 942 661 377 256 222 
877 823 527 465 166 146 
936 561 543 461 288 63 
991 981 833 345 298 115 
808 612 558 491 296 169 
1007 620 516 311 235 3 
1006 909 670 277 117 89 
974 745 718 352 307 165 
678 646 605 370 309 245 
933 855 581 207 150 134 
665 655 579 440 194 110 
998 736 702 317 290 208 
931 906 573 327 312 103 
874 801 749 471 211 111 
826 550 518 283 227 46 
727 537 513 267 179 141 
879 765 612 504 460 439 
980 965 684 264 143 19 
884 645 555 432 347 316 
851 627 511 358 325 226 
968 931 705 426 12 1 
994 540 512 406 51 47 
994 857 788 390 357 61 
999 715 582 446 318 172 
969 943 912 462 312 242 
839 739 710 332 167 160 
881 776 576 474 266 74 
910 688 592 348 60 45 
891 840 631 504 410 63 
838 799 696 238 95 6 
990 889 880 458 205 166 
1007 982 733 250 164 82 
1006 856 813 457 441 9 
947 725 607 476 378 140 
937 613 598 361 343 255 
754 642 534 94 32 8 
941 939 513 333 289 114 
751 648 544 435 315 292 
613 551 539 295 223 119 
672 614 608 325 198 75 
1007 766 706 445 397 206 
968 771 521 460 290 155 
1000 885 595 374 288 9 
961 591 553 481 420 279 
749 646 600 364 299 5 
827 682 553 418 374 352 
977 780 736 231 181 147 
664 592 540 464 344 271 
1002 729 652 362 280 116 
768 728 602 404 402 153 
887 831 601 462 459 41 
994 927 568 389 297 133 
796 649 575 373 202 49 
976 852 836 423 391 368 
888 693 541 326 197 66 
1001 925 843 441 438 64 
830 709 622 378 357 317 
863 658 588 393 363 128 
907 790 587 430 299 124 
995 902 817 492 454 21 
908 590 578 410 272 91 
918 826 530 502 298 28 
899 794 547 412 273 55 
701 662 563 450 217 121 
948 633 508 285 184 39 
901 894 610 501 434 427 
663 582 555 360 216 35 
905 812 734 330 322 6 
982 660 594 415 133 53 
832 792 763 437 342 254 
843 790 586 468 323 225 
812 791 563 491 341 304 
966 946 641 131 122 45 
911 757 554 175 153 93 
962 604 515 485 359 353 
798 707 588 406 332 148 
924 904 621 473 113 33 
981 912 809 356 161 18 
945 820 783 234 225 218 
838 721 575 385 189 37 
789 764 685 291 237 59 
917 690 654 371 171 88 
928 915 528 493 38 1 
881 578 514 475 262 232 
839 764 717 397 331 57 
998 782 704 136 114 79 
996 635 622 391 210 148 
715 651 608 185 169 168 
831 805 638 433 177 160 
907 893 552 459 183 105 
1004 933 738 501 306 159 
841 823 544 408 115 47 
943 930 672 486 451 413 
877 771 535 403 154 59 
890 864 650 303 197 184 
771 745 547 455 360 130 
823 716 566 364 247 36 
984 948 617 480 305 188 
883 853 568 454 363 57 
903 852 557 451 334 232 
921 885 544 313 99 14 
868 614 553 192 152 44 
964 915 825 494 429 113 
950 917 888 415 282 198 
935 779 705 484 458 399 
955 915 913 203 121 116 
872 702 571 443 410 349 
795 785 510 490 341 216 
961 958 530 217 134 78 
991 920 702 479 301 254 
551 532 507 415 98 64 
815 693 689 484 428 104 
884 618 529 326 270 213 
1004 1003 870 478 441 106 
919 898 698 295 226 54 
853 817 758 76 37 32 
758 589 583 257 48 42 
807 717 626 154 40 12 
973 932 788 449 300 141 
942 707 687 442 248 199 
842 804 607 372 316 292 
873 847 820 449 346 6 
849 814 653 500 207 38 
720 692 686 409 361 168 
986 953 822 398 365 275 
970 832 770 85 34 30 
622 603 505 493 487 450 
733 671 655 400 353 229 
1008 844 531 487 331 215 
989 872 766 395 337 194 
756 732 625 452 320 159 
910 775 739 488 371 181 
976 678 545 351 294 38 
1005 779 519 485 393 291 
1003 643 611 470 422 375 
853 612 529 474 453 425 
785 699 641 264 52 40 
967 881 623 329 258 192 
944 854 727 71 58 55 
925 743 598 487 151 56 
938 741 526 427 287 36 
919 538 536 484 340 266 
824 761 604 498 269 212 
861 830 699 497 258 143 
924 815 627 370 176 10 
940 856 778 417 151 85 
779 701 573 392 174 59 
793 687 646 303 233 48 
949 631 595 419 227 121 
972 731 656 338 200 177 
899 813 595 318 191 7 
977 890 793 499 203 25 
995 980 777 458 275 81 
869 862 844 450 389 373 
956 913 580 482 412 319 
936 767 532 295 263 239 
950 786 545 347 123 46 
761 587 517 447 132 71 
916 902 629 339 265 233 
914 772 545 456 437 72 
817 742 603 176 137 129 
805 777 673 426 422 166 
963 938 865 431 242 235 
859 737 562 180 112 9 
971 618 563 305 201 29 
999 803 735 384 358 284 
719 662 542 281 163 81 
946 878 578 423 177 150 
936 864 566 271 107 90 
987 737 577 307 260 83 
801 656 585 479 427 184 
966 801 654 448 238 70 
743 543 522 350 277 75 
973 542 537 328 239 83 
973 939 752 423 88 75 
729 716 667 490 29 13 
865 856 505 466 405 63 
937 698 643 439 337 244 
927 536 510 468 414 211 
900 669 531 388 92 12 
1005 925 583 276 97 39 
641 583 523 467 396 120 
956 896 742 212 86 21 
858 726 718 473 250 120 
987 720 564 460 456 206 
683 585 534 486 145 109 
909 877 577 317 48 41 
922 773 541 444 312 307 
879 821 574 471 333 275 
884 762 728 136 109 24 
979 862 748 308 268 5 
703 697 523 137 99 69 
962 959 759 429 231 87 
922 709 505 495 170 39 
941 679 619 208 193 26 
835 647 525 488 400 157 
927 873 736 494 106 50 
814 597 573 383 279 224 
1000 999 565 431 282 224 
919 891 522 446 376 269 
928 794 534 284 267 220 
947 549 506 502 439 380 
916 726 575 449 408 24 
835 714 581 229 205 189 
913 882 701 436 322 135 
934 794 693 258 228 29 
867 857 836 355 320 219 
972 962 589 421 382 62 
997 923 694 480 456 67 
979 955 663 503 446 392 
963 829 651 401 261 3 
831 670 668 481 140 103 
782 761 696 90 73 27 
886 858 847 144 108 36 
684 640 559 167 144 91 
954 703 664 236 77 20 
965 920 871 232 142 77 
996 783 531 334 314 211 
873 689 629 444 128 80 
784 706 615 435 274 190 
904 887 638 503 453 138 
984 946 757 500 367 25 
898 642 507 482 230 223 
871 712 562 453 245 135 
759 614 541 251 142 45 
731 698 584 118 97 68 
880 665 580 380 321 87 
985 744 597 249 206 130 
959 848 606 499 447 42 
880 568 524 457 403 301 
802 723 625 418 101 11 
967 803 694 319 107 103 
768 579 556 314 267 149 
971 816 732 465 223 199 
800 690 554 372 226 179 
904 850 717 464 447 116 
914 892 861 249 244 37 
985 929 569 345 309 269 
846 637 591 502 196 111 
892 688 559 445 418 92 
661 590 560 315 133 50 
896 747 611 485 433 374 
971 760 605 259 255 125 
675 651 564 444 357 56 
981 666 659 477 315 169 
715 681 540 411 286 131 
929 885 697 336 61 53 
875 751 750 497 354 129 
992 624 591 368 119 100 
755 734 636 348 339 27 
828 658 605 404 345 256 
826 671 599 310 214 51 
846 763 569 209 60 34 
955 892 616 310 194 139 
989 673 650 139 113 96 
952 928 691 375 349 2 
740 725 696 482 474 403 
935 916 674 384 381 13 
735 727 647 428 377 160 
934 796 546 195 110 15 
965 686 601 451 236 60 
988 808 762 356 102 84 
960 731 596 376 202 41 
760 666 586 478 281 127 
983 940 755 475 150 82 
768 692 559 489 365 123 
894 822 574 213 91 23 
984 980 863 240 199 155 
848 835 574 387 252 190 
897 874 565 358 297 222 
957 809 598 346 280 52 
712 596 570 467 409 278 
828 770 707 497 360 239 
787 713 582 461 400 115 
901 674 589 428 301 248 
933 785 691 498 285 78 
893 535 512 493 208 188 
795 711 564 399 329 68 
917 760 679 469 424 77 
988 972 558 393 221 74 
954 866 769 278 158 95 
593 586 549 495 494 179 
895 778 689 220 159 54 
957 923 619 496 414 311 
797 669 633 483 187 154 
991 787 581 438 214 182 
782 737 691 489 242 74 
978 810 599 210 158 21 
854 552 527 496 372 136 
978 570 548 290 170 19 
798 738 724 464 321 245 
855 781 659 470 196 181 
753 690 532 471 370 151 
1003 832 587 356 351 228 
863 640 621 448 390 387 
772 741 567 344 23 16 
967 679 611 503 378 233 
960 818 584 314 243 186 
714 657 519 341 138 106 
619 594 580 495 243 56 
968 800 632 366 25 18 
769 572 525 222 65 47 
867 678 644 469 260 240 
940 837 592 281 198 161 
941 776 628 322 293 62 
945 695 557 327 209 174 
840 637 561 366 125 84 
983 695 647 348 282 8 
781 657 521 468 139 15 
995 921 609 440 320 264 
845 807 603 413 354 122 
652 627 560 189 146 96 
800 668 609 241 205 145 
976 792 538 501 336 285 
975 663 636 343 266 13 
931 729 677 491 162 108 
957 952 546 432 399 286 
867 807 511 313 190 62 
975 668 661 366 330 99 
849 750 519 270 173 1 
948 869 806 492 429 352 
861 774 572 472 176 57 
986 749 719 504 469 452 
669 662 512 386 371 17 
653 637 630 209 202 86 
764 721 514 462 436 200 
997 814 712 379 309 80 
953 610 511 200 94 49 
819 790 705 234 82 2 
834 673 517 431 361 90 
838 750 602 472 401 383 
961 837 567 434 390 140 
871 810 767 324 149 87 
959 875 833 472 442 137 
839 604 538 306 186 152 
1002 738 632 213 178 17 
951 828 624 387 141 43 
708 682 615 432 180 40 
986 930 628 479 404 333 
978 815 724 445 156 112 
802 711 649 367 183 16 
886 864 556 430 89 69 
795 700 648 417 234 171 
634 539 518 274 31 10 
970 897 546 454 433 362 
949 530 508 332 311 308 
866 645 577 426 289 236 
993 943 529 408 109 35 
818 576 571 483 463 251 
907 566 557 438 388 2 
793 740 644 483 252 156 
882 872 658 386 193 130 
920 851 536 119 67 15 
953 908 804 293 283 173 
922 820 635 394 284 11 
905 870 516 389 274 65 
676 552 533 443 398 212 
969 730 594 421 278 183 
765 756 754 395 362 355 
710 708 551 350 231 85 
926 841 723 289 188 112 
997 866 628 434 350 132 
850 709 616 381 67 4 
988 914 599 262 218 196 
992 798 606 367 336 243 
740 711 509 217 214 22 
811 773 510 335 272 72 
990 747 723 424 351 191 
1001 708 703 397 265 249 
882 819 718 402 304 33 
677 649 615 299 157 4 
868 811 600 224 94 22 
840 733 528 342 324 22 
1004 805 635 382 43 34 
926 791 674 353 346 230 
876 833 680 238 122 65 
982 694 524 407 220 73 
743 632 535 270 253 19 
985 812 645 383 252 26 
822 623 579 424 253 5 
799 688 683 375 344 68 
970 629 585 461 377 293 
954 852 827 379 46 14 
989 947 521 500 237 98 
879 652 643 425 359 347 
878 607 547 253 145 144 
799 758 562 416 170 73 
849 706 515 442 379 228 
878 746 597 477 265 100 
759 676 653 164 33 28 
902 730 670 354 108 81 
889 845 700 303 180 114 
975 887 626 210 187 155 
929 842 754 486 475 143 
924 912 556 412 118 58 
728 640 509 296 237 126 
802 722 720 417 326 308 
908 860 680 452 437 86 
998 854 753 287 204 178 
951 909 656 323 172 80 
827 775 509 473 286 69 
850 699 613 340 310 105 
938 777 517 490 104 66 
974 617 610 420 306 32 
857 816 650 268 134 84 
934 676 520 261 257 7 
960 901 742 455 153 53 
818 796 621 287 93 71 
631 602 550 230 138 117 
992 774 630 435 416 385 
900 894 664 167 107 64 
926 747 526 420 248 147 
763 620 527 321 195 157 
860 859 528 246 185 111 
1008 630 567 398 207 204 
791 719 667 419 330 79 
797 753 525 247 201 31 
939 780 633 492 298 165 
993 772 609 291 76 27 
