54 111 171 225 280 333 448 506 617 669 1497 1498 1499 1500 1501 1502 1503 1504 1506 1510 1515 1520 1526 1533 1537 1553 1576 1608 1649 1688 1719 1725
52 140 224 242 308 357 409 477 516 601 618 690 763 798 855 928 991 1024 1060 1078 1139 1201 1293 1443 1489 1523 1536 1551 1586 1682 1995 1997
51 93 139 223 241 307 356 408 476 600 689 762 854 990 1004 1023 1077 1138 1200 1292 1442 1522 1535 1550 1585 1708 1809 1838 1905 1949 2004 2008
92 138 222 240 306 475 515 599 688 761 797 853 927 989 1022 1076 1137 1291 1441 1521 1534 1549 1648 1681 1802 1825 1834 1846 1851 1920 1941 1943
50 91 221 239 305 355 407 474 514 598 668 687 760 796 852 888 926 988 1075 1136 1199 1290 1584 1647 1680 1748 1893 1902 1908 1945 1978 1979
49 90 137 220 238 304 354 406 473 513 597 667 686 759 795 831 851 925 987 1021 1074 1135 1198 1276 1289 1384 1440 1548 1583 1646 1679 1726
48 89 136 219 237 303 353 405 472 512 596 666 685 758 778 794 850 924 986 1020 1073 1134 1197 1275 1288 1383 1439 1547 1582 1645 1707 1727
47 88 135 218 236 302 352 404 471 511 595 665 684 723 757 793 849 923 985 1019 1072 1133 1196 1274 1287 1382 1438 1546 1581 1678 1706 1728
46 134 217 403 470 594 683 756 848 984 1018 1071 1132 1195 1273 1381 1437 1545 1644 1677 1789 1793 1860 1887 1892 1903 1925 1966 1998 2020 2038 2039
45 87 133 216 235 301 351 392 402 469 510 593 664 682 755 792 847 922 983 1017 1070 1131 1194 1272 1286 1380 1436 1544 1580 1643 1676 1729
44 86 132 234 350 468 509 663 754 791 846 921 982 1016 1271 1379 1456 1543 1579 1642 1675 1705 1831 1896 1919 1972 1982 1983 1994 2010 2014 2015
43 85 131 215 233 349 401 592 662 681 753 790 845 920 1015 1069 1130 1270 1435 1455 1542 1578 1641 1674 1765 1830 1844 1861 1868 1915 1947 1952
42 84 130 214 232 300 348 400 467 508 591 661 680 752 789 844 919 981 1068 1129 1193 1269 1285 1378 1434 1454 1488 1541 1640 1673 1704 1730
83 129 213 231 299 347 399 466 507 590 660 679 751 788 843 918 980 1014 1067 1128 1192 1268 1284 1377 1433 1453 1577 1639 1672 1703 1751 1811
41 82 128 212 230 298 346 398 465 561 589 659 678 750 787 842 917 979 1013 1066 1127 1191 1267 1376 1432 1452 1487 1532 1540 1638 1779 1812
40 81 127 211 229 297 345 397 560 658 786 841 916 978 1012 1065 1126 1190 1266 1375 1451 1484 1531 1702 1754 1810 1843 1911 1926 1938 1954 1962
39 126 210 228 296 344 396 464 588 657 677 749 840 977 1011 1064 1125 1189 1265 1374 1431 1483 1530 1539 1637 1671 1701 1901 2007 2024 2035 2037
38 80 125 209 227 295 343 395 463 559 587 656 676 748 785 839 915 976 1010 1063 1124 1188 1264 1373 1430 1450 1482 1529 1700 1787 1808 1813
37 79 124 208 226 294 342 394 462 558 586 655 675 747 784 838 914 975 1009 1062 1123 1187 1263 1372 1429 1449 1481 1528 1538 1636 1699 1731
36 78 123 279 341 461 557 585 746 783 837 913 974 1262 1371 1448 1480 1527 1635 1670 1698 1773 1850 1885 1886 1958 1965 1987 1990 2029 2042 2043
35 77 278 293 340 460 556 584 674 782 912 973 1008 1122 1186 1261 1329 1428 1447 1479 1509 1634 1697 1771 1774 1788 1845 1853 1855 1858 1859 1877
34 76 122 207 277 292 339 393 459 555 654 673 745 781 836 911 972 1007 1112 1121 1185 1260 1328 1370 1426 1427 1446 1478 1633 1669 1933 1935
33 75 121 206 276 291 338 447 458 583 672 744 835 971 1120 1184 1259 1327 1369 1391 1425 1508 1632 1766 1794 1796 1883 1904 1942 1988 2033 2036
32 74 120 205 275 290 337 446 457 554 582 653 743 780 834 910 970 1006 1110 1119 1183 1258 1326 1368 1390 1424 1445 1477 1631 1755 1803 1814
31 73 119 204 274 289 336 445 456 553 581 652 671 742 779 833 909 969 1005 1118 1182 1325 1367 1389 1423 1444 1507 1668 1696 1761 1785 1815
30 72 118 203 288 444 455 552 580 651 670 741 832 908 968 1108 1117 1181 1257 1324 1366 1388 1467 1505 1630 1760 1767 1801 1842 1863 1876 1878
29 71 117 202 273 287 335 443 454 551 579 650 722 740 830 887 907 967 1059 1107 1116 1180 1256 1323 1365 1387 1422 1466 1559 1667 1695 1732
28 70 116 201 286 442 453 550 649 721 739 829 886 906 966 1058 1106 1179 1322 1386 1421 1465 1558 1666 1770 1781 1829 1840 1849 1870 1934 1936
27 69 115 200 272 334 441 452 549 578 648 720 738 828 885 905 965 1057 1105 1115 1178 1255 1321 1364 1385 1420 1464 1557 1629 1665 1694 1733
26 68 114 271 451 548 577 647 884 904 1056 1104 1254 1320 1363 1419 1463 1556 1628 1759 1782 1804 1895 1899 1914 1923 1956 1961 1981 1986 1989 1991
25 67 113 199 270 285 391 440 450 547 576 646 719 737 883 903 964 1055 1103 1177 1253 1319 1335 1362 1418 1462 1514 1664 1693 1772 1807 1816
24 66 198 284 390 439 449 546 575 645 718 736 827 882 902 963 1054 1102 1176 1252 1318 1334 1361 1417 1461 1555 1627 1783 1791 1922 1953 1963
23 65 112 269 389 505 545 574 644 735 826 881 901 962 1053 1251 1317 1360 1460 1663 1692 1743 1827 1832 1944 1959 1960 1974 2000 2009 2028 2030
22 64 170 197 268 283 388 438 504 544 573 643 717 734 825 880 900 961 1052 1101 1175 1250 1316 1333 1359 1416 1459 1513 1575 1626 1691 1734
21 63 169 196 267 282 387 437 503 543 572 642 716 733 824 879 899 960 1051 1100 1174 1249 1315 1332 1415 1512 1574 1607 1625 1662 1823 1879
20 62 168 195 266 281 386 436 502 542 571 641 715 732 823 878 898 959 1050 1099 1173 1248 1314 1331 1358 1414 1511 1606 1624 1661 1690 1735
19 61 167 265 385 435 501 541 640 822 897 958 1049 1172 1247 1330 1357 1413 1605 1623 1660 1744 1874 1889 1948 1951 1970 1977 1996 2003 2023 2031
18 60 166 194 264 332 384 434 500 540 570 639 714 731 821 877 896 957 1048 1098 1164 1171 1246 1283 1313 1356 1573 1604 1622 1659 1689 1736
17 59 165 193 263 331 383 433 499 539 569 638 713 730 876 895 956 1047 1097 1163 1245 1282 1312 1412 1519 1572 1621 1768 1882 1898 1910 1916
16 58 164 192 262 330 382 432 498 538 568 637 712 729 820 875 894 955 1046 1096 1162 1244 1281 1311 1355 1411 1518 1571 1603 1620 1658 1737
15 57 163 261 381 431 497 537 567 636 728 819 874 893 954 1045 1161 1243 1280 1354 1410 1570 1602 1619 1657 1718 1857 1913 1975 1985 1992 1993
14 56 162 191 260 329 380 430 496 536 566 635 711 727 818 873 892 953 1044 1095 1160 1279 1310 1353 1409 1569 1601 1618 1717 1749 1756 1817
13 55 161 190 259 328 379 429 495 535 565 634 710 726 817 872 891 952 1043 1094 1159 1242 1309 1352 1408 1517 1554 1568 1617 1656 1716 1738
110 160 189 258 327 378 428 494 534 564 633 709 816 871 890 951 1042 1093 1158 1278 1308 1351 1407 1516 1567 1600 1616 1655 1750 1763 1890 1907
12 109 159 188 257 326 377 427 493 533 563 632 708 725 815 870 889 950 1041 1092 1157 1218 1241 1277 1307 1350 1406 1566 1599 1615 1715 1739
11 108 158 187 256 325 376 426 492 532 562 631 707 724 814 869 944 949 1040 1091 1156 1217 1225 1306 1349 1405 1565 1598 1654 1714 1757 1818
10 107 157 186 255 324 375 425 491 531 616 706 777 813 868 948 1039 1155 1216 1224 1240 1305 1348 1404 1564 1597 1614 1792 1826 1833 1862 1880
9 156 254 374 490 530 615 630 812 943 947 1038 1223 1239 1347 1403 1613 1653 1742 1747 1894 1897 1900 1924 1957 1969 2002 2021 2022 2034 2045 2046
8 155 323 373 424 489 529 614 705 776 811 942 946 1037 1090 1154 1222 1238 1346 1402 1563 1596 1764 1797 1824 1888 1912 1939 1955 1980 2005 2006
7 106 154 185 253 322 372 423 488 528 613 629 704 775 810 867 941 945 1036 1089 1153 1215 1221 1237 1304 1345 1401 1562 1595 1612 1652 1740
6 105 153 184 252 321 371 422 487 527 612 628 703 774 809 866 940 1003 1035 1152 1214 1220 1236 1303 1344 1400 1561 1594 1611 1713 1778 1819
5 104 183 251 320 370 421 486 526 611 627 702 808 939 1002 1088 1151 1219 1343 1399 1458 1593 1610 1835 1836 1865 1867 1869 1927 1940 1999 2001
103 152 182 319 369 420 525 610 626 701 773 807 865 938 1001 1034 1087 1150 1170 1213 1235 1302 1342 1398 1560 1712 1873 1909 1917 1946 2025 2027
4 151 181 250 318 368 419 485 609 700 772 864 937 1033 1086 1149 1169 1212 1234 1341 1397 1457 1651 1777 1837 1906 1918 1931 2026 2032 2047 2048
3 102 150 180 317 367 418 524 699 771 806 863 936 1000 1032 1085 1148 1211 1233 1301 1340 1476 1609 1650 1753 1786 1798 1841 1848 1891 1932 1937
2 101 149 179 249 316 366 417 484 523 608 625 698 770 805 862 935 999 1031 1084 1147 1168 1210 1232 1300 1339 1396 1475 1495 1592 1711 1741
1 100 148 178 248 315 365 416 483 522 607 624 697 804 861 934 998 1030 1083 1146 1167 1209 1231 1299 1395 1474 1494 1496 1710 1746 1790 1820
99 147 177 247 314 364 415 482 521 606 623 696 769 803 860 933 997 1082 1145 1166 1208 1230 1298 1338 1473 1486 1591 1687 1724 1799 1805 1821
98 146 176 313 363 414 481 520 605 622 695 768 802 859 932 996 1029 1081 1144 1165 1207 1229 1337 1394 1472 1590 1686 1839 1852 1871 1929 1930
145 175 246 312 362 413 480 604 694 767 858 995 1028 1114 1143 1206 1228 1297 1471 1485 1723 1752 1758 1775 1795 1875 1921 1928 1984 2013 2016 2018
97 144 174 245 311 361 412 479 519 693 766 801 994 1027 1113 1142 1205 1227 1296 1470 1493 1589 1685 1722 1745 1769 1847 1854 1872 1884 1967 1973
96 143 173 244 310 360 411 478 518 603 621 692 765 857 931 993 1026 1080 1111 1141 1204 1226 1295 1336 1393 1469 1492 1684 1720 1800 1806 1822
95 142 172 243 309 359 410 620 691 800 856 930 1079 1109 1140 1203 1294 1392 1468 1491 1525 1588 1683 1721 1776 1780 1828 1864 1881 2011 2017 2019
53 94 141 358 517 602 619 764 799 929 992 1025 1061 1202 1490 1524 1552 1587 1709 1762 1784 1856 1866 1950 1964 1968 1971 1976 2012 2040 2041 2044
54 110 131 246 300 343 443 459 536 581 642 764 797 860 895 945 1039 1075 1159 1172 1246 1288 1347 1417 1575 1583 1665 1741 1903 1961 1993 1995
52 75 142 190 287 387 400 479 522 588 656 708 758 788 944 983 1016 1101 1191 1232 1361 1403 1467 1558 1622 1670 1719 1788 1852 1856 1979 1981
51 67 156 245 405 481 532 610 667 702 752 872 934 974 1046 1066 1145 1175 1266 1323 1392 1607 1676 1706 1855 1861 1876 1931 1941 1996 2012 2020
98 276 323 366 394 450 525 562 639 735 875 961 1004 1043 1070 1155 1249 1314 1354 1406 1484 1501 1562 1703 1812 1813 1834 1850 1901 1927 2015 2021
50 113 211 257 319 382 418 486 529 602 628 695 742 792 862 898 980 1149 1196 1261 1351 1425 1443 1486 1505 1510 1530 1557 1579 1677 1691 1742
49 102 136 216 260 284 352 499 603 675 786 837 911 952 1052 1153 1273 1283 1365 1518 1541 1564 1608 1760 1774 1780 1840 1949 1952 1983 2016 2022
48 105 137 207 247 302 390 408 451 557 573 630 714 763 823 858 922 949 1026 1064 1142 1213 1243 1389 1449 1496 1533 1578 1615 1709 1787 1823
47 96 177 277 303 354 480 539 651 740 829 884 892 965 1035 1122 1199 1234 1285 1432 1453 1482 1542 1652 1708 1814 1848 1938 1953 2019 2031 2040
46 76 163 184 244 368 436 494 553 566 658 681 776 868 936 958 1105 1162 1215 1276 1343 1424 1528 1604 1630 1680 1725 1821 1849 1987 2004 2009
45 57 122 220 329 364 416 508 574 709 724 796 839 924 991 1033 1076 1117 1179 1236 1312 1337 1433 1452 1463 1620 1740 1838 1858 1915 1921 1922
44 71 126 222 291 385 428 502 533 659 697 765 886 939 1024 1074 1128 1188 1255 1319 1340 1388 1398 1447 1584 1635 1659 1759 1792 1797 1837 1881
43 82 171 193 279 295 348 437 469 521 616 650 683 741 808 873 904 994 1005 1103 1156 1184 1263 1280 1289 1469 1535 1546 1582 1686 1776 1824
42 107 125 175 271 333 349 409 482 510 589 620 700 762 811 836 913 998 1042 1087 1144 1189 1258 1287 1366 1461 1476 1548 1610 1654 1695 1743
120 186 258 294 384 424 478 524 569 625 718 723 732 798 866 909 988 1056 1089 1178 1264 1317 1350 1410 1436 1625 1660 1811 1846 2014 2018 2032
41 85 160 194 275 289 375 392 396 497 545 591 663 673 773 828 864 914 966 1010 1077 1147 1201 1254 1301 1362 1393 1438 1594 1617 1681 1744
40 100 168 221 326 431 464 722 743 795 903 948 1036 1104 1208 1332 1372 1402 1513 1522 1568 1728 1770 1777 1778 1802 1867 1884 1892 1951 2027 2033
39 63 132 183 249 338 398 550 601 633 674 734 870 927 962 1073 1119 1167 1193 1229 1290 1344 1411 1462 1485 1696 1731 1916 1962 1968 2011 2023
38 73 130 263 410 496 555 564 618 805 847 973 1013 1096 1115 1169 1268 1318 1497 1547 1561 1581 1648 1656 1868 1875 1879 1950 1957 1958 1972 1974
37 68 166 189 255 299 337 487 544 585 627 686 739 778 830 857 917 1001 1028 1083 1120 1217 1270 1375 1397 1491 1569 1602 1671 1764 1789 1825
36 74 145 209 233 331 426 449 512 586 634 692 822 851 919 990 1048 1106 1240 1310 1333 1426 1437 1512 1591 1642 1682 1694 1820 1872 1920 1923
35 62 148 223 311 372 393 454 563 664 677 767 809 855 943 976 1058 1098 1133 1212 1405 1456 1464 1475 1626 1679 1762 1805 1864 1871 1898 1908
34 133 219 236 314 380 506 559 609 624 678 726 844 925 1053 1088 1218 1233 1278 1320 1364 1390 1653 1769 1771 1773 1816 1873 1910 2017 2039 2044
33 167 240 344 425 453 560 572 652 704 774 878 935 954 1059 1102 1113 1123 1311 1359 1621 1757 1763 1803 1917 1945 1947 1955 1984 1994 1997 2002
32 78 129 204 230 332 342 417 504 527 577 684 800 863 964 1047 1125 1207 1269 1427 1460 1545 1555 1732 1766 1833 1843 1854 1870 1918 2001 2006
31 80 157 205 264 298 378 435 485 617 696 760 814 874 918 959 1015 1151 1180 1228 1279 1316 1355 1400 1439 1701 1800 1904 1912 1930 2038 2041
30 103 141 185 248 356 439 492 520 576 665 705 753 885 1131 1168 1214 1294 1378 1422 1586 1644 1687 1726 1862 1893 1895 1919 1936 1973 2026 2034
29 86 169 176 259 308 359 448 460 528 662 757 784 905 953 1085 1143 1182 1292 1331 1384 1560 1631 1704 1835 1842 1847 1882 1883 1889 1924 1926
28 97 159 192 270 281 345 458 607 691 747 793 846 938 979 1008 1060 1152 1194 1257 1368 1385 1399 1592 1646 1734 1793 1906 1980 2000 2029 2035
27 104 146 196 243 325 379 433 490 517 614 647 719 727 787 832 888 907 985 1031 1071 1124 1192 1271 1299 1370 1386 1479 1614 1688 1698 1745
26 79 165 225 232 312 341 414 472 546 582 648 699 766 791 849 920 968 1014 1065 1139 1210 1220 1267 1328 1409 1457 1580 1623 1662 1716 1746
25 93 195 330 369 422 475 523 580 720 777 781 916 970 1025 1069 1165 1176 1231 1376 1413 1468 1483 1618 1657 1806 1888 1896 1902 1934 1937 1944
24 64 135 191 235 304 353 444 461 548 612 619 679 733 815 876 933 996 1032 1146 1177 1251 1445 1488 1508 1529 1536 1553 1567 1624 1685 1747
23 99 151 173 252 381 442 491 561 593 632 676 761 799 871 900 977 1007 1091 1209 1252 1284 1339 1454 1477 1514 1572 1613 1690 1736 1887 1909
22 66 143 181 261 317 371 420 457 558 596 637 694 749 810 877 901 989 1021 1078 1126 1200 1230 1325 1369 1407 1448 1576 1597 1634 1666 1748
21 117 200 256 309 357 401 483 519 583 669 715 736 821 867 932 997 1049 1216 1383 1451 1521 1552 1571 1585 1639 1700 1782 1819 1969 2037 2042
20 77 127 199 262 286 377 403 468 541 613 636 716 751 794 835 926 969 1027 1097 1141 1239 1291 1356 1396 1559 1565 1593 1627 1650 1692 1749
19 95 121 179 251 296 350 445 493 542 579 693 771 783 841 942 984 1051 1072 1164 1221 1242 1302 1336 1418 1442 1520 1603 1628 1672 1779 1826
18 59 124 212 274 290 347 421 518 604 685 725 824 831 880 890 955 1358 1473 1489 1509 1517 1526 1675 1711 1832 1841 1851 1885 1913 1998 2003
17 60 114 215 227 362 441 473 511 590 622 703 775 882 992 1006 1099 1140 1286 1478 1503 1632 1667 1714 1799 1845 1891 1907 1990 2005 2024 2028
16 94 152 201 266 285 355 411 489 526 615 643 707 803 853 889 957 1023 1063 1132 1198 1237 1327 1367 1539 1554 1574 1605 1643 1651 1713 1750
15 87 134 180 268 318 389 397 465 531 606 641 770 812 833 940 971 1044 1081 1150 1205 1275 1313 1455 1471 1481 1490 1499 1534 1664 1715 1751
14 147 198 238 301 339 423 463 594 706 738 807 845 923 967 1045 1090 1173 1226 1352 1419 1429 1444 1498 1527 1710 1784 1807 1967 2013 2045 2047
13 158 224 273 313 334 413 530 611 701 745 813 854 930 987 1022 1086 1171 1247 1281 1296 1353 1395 1515 1595 1638 1804 1808 1886 1939 1954 1964
111 128 208 231 324 336 470 587 657 682 729 802 881 896 950 1154 1203 1245 1303 1334 1416 1446 1730 1794 1798 1818 1836 1890 1978 1982 2046 2048
12 106 116 182 239 297 386 419 501 509 584 644 690 731 827 840 894 951 1030 1109 1148 1185 1300 1377 1472 1524 1549 1596 1645 1684 1718 1752
11 101 161 172 267 363 455 599 712 755 779 928 986 1130 1170 1187 1259 1304 1338 1589 1616 1673 1733 1735 1768 1859 1894 1928 1940 2008 2030 2043
10 84 119 213 226 327 346 447 505 537 592 640 711 737 817 848 910 978 1108 1137 1166 1174 1262 1295 1342 1440 1459 1495 1506 1629 1705 1753
9 91 139 178 253 288 358 406 452 535 568 666 688 748 819 869 912 995 1034 1093 1160 1204 1219 1248 1315 1391 1466 1537 1551 1669 1783 1827
8 55 149 206 234 306 370 399 498 514 578 653 670 756 789 883 897 1000 1029 1061 1095 1158 1322 1341 1474 1519 1525 1599 1641 1668 1699 1754
7 109 144 203 254 315 340 430 551 571 623 672 730 825 879 929 1012 1067 1135 1195 1244 1306 1330 1394 1441 1504 1611 1678 1729 1738 1795 1828
6 89 150 217 269 310 388 440 462 554 575 668 713 744 782 843 893 999 1019 1100 1181 1272 1308 1374 1423 1430 1487 1556 1612 1737 1810 1829
5 69 138 210 265 316 373 434 474 538 565 655 689 772 790 865 921 993 1040 1112 1118 1206 1223 1256 1381 1421 1470 1531 1606 1640 1655 1755
72 164 188 229 305 391 438 484 515 600 621 710 750 818 906 975 1038 1068 1161 1197 1225 1227 1348 1387 1543 1633 1663 1786 1948 1999 2025 2036
4 56 112 197 427 456 534 649 680 842 931 982 1017 1094 1136 1186 1274 1326 1346 1450 1538 1577 1658 1702 1809 1865 1878 1914 1932 1935 1966 1975
3 90 153 250 283 360 407 500 507 595 646 804 834 946 1054 1107 1157 1202 1260 1282 1379 1404 1434 1493 1532 1600 1661 1712 1874 1925 1985 1986
2 108 155 228 320 446 547 605 660 728 785 852 1003 1057 1082 1127 1307 1360 1414 1428 1465 1523 1649 1689 1801 1880 1942 1943 1946 1956 1970 1976
1 81 322 361 402 503 516 654 746 806 856 981 1041 1062 1253 1321 1363 1408 1492 1563 1590 1717 1727 1781 1791 1853 1863 1900 1905 1959 2007 2010
65 162 218 237 292 351 412 467 567 629 671 768 820 902 960 1018 1084 1138 1190 1224 1250 1297 1349 1412 1480 1502 1573 1647 1697 1724 1767 1830
92 115 202 242 328 376 476 552 608 638 687 769 816 899 963 1037 1129 1183 1265 1329 1380 1401 1566 1674 1761 1772 1775 1790 1866 1929 1991 1992
83 123 214 280 383 429 471 513 570 631 717 850 915 947 1009 1092 1111 1116 1298 1345 1544 1570 1601 1637 1683 1723 1815 1839 1869 1877 1988 1989
70 154 241 293 365 415 477 543 635 887 908 1050 1110 1134 1235 1309 1371 1420 1458 1598 1609 1722 1796 1822 1844 1857 1899 1911 1933 1963 1971 1977
88 170 321 367 432 466 540 597 626 754 801 838 937 1002 1020 1079 1114 1305 1357 1435 1494 1511 1540 1693 1720 1739 1785 1817 1860 1897 1960 1965
61 140 187 272 282 335 395 488 556 661 721 759 780 861 891 972 1011 1080 1163 1238 1277 1324 1335 1382 1516 1550 1587 1636 1721 1758 1765 1831
53 58 118 174 278 307 374 404 495 549 598 645 698 826 859 941 956 1055 1121 1211 1222 1241 1293 1373 1415 1431 1500 1507 1588 1619 1707 1756
54 109 130 199 245 299 342 392 442 458 535 580 641 711 763 796 859 894 1003 1038 1074 1158 1171 1245 1287 1346 1494 1574 1582 1708 1782 1832
52 57 117 173 277 306 373 403 494 548 597 644 697 825 858 940 955 1054 1108 1120 1210 1221 1292 1372 1414 1430 1500 1587 1618 1656 1706 1757
51 74 141 189 246 286 386 399 478 521 587 655 707 757 787 836 982 1015 1100 1190 1231 1293 1360 1402 1440 1466 1514 1557 1621 1719 1774 1833
66 155 207 244 308 335 404 480 531 609 666 701 751 792 871 888 933 973 1045 1065 1144 1174 1265 1322 1378 1552 1573 1606 1609 1675 1793 1834
50 152 215 275 322 365 449 616 638 705 734 874 915 960 1042 1186 1248 1353 1405 1483 1501 1561 1636 1779 1810 1941 1948 1983 2018 2043 2045 2048
49 210 256 318 381 417 528 601 627 694 741 791 861 897 979 1059 1148 1195 1260 1350 1424 1442 1510 1529 1556 1578 1676 1879 1930 1939 1946 1953
48 101 135 259 424 498 519 764 951 1051 1069 1152 1272 1282 1285 1608 1629 1669 1695 1751 1788 1851 1857 1870 1881 1942 1965 1966 2002 2009 2015 2024
47 104 136 206 389 450 556 572 713 762 822 921 948 1063 1141 1212 1358 1388 1448 1488 1533 1538 1687 1817 1818 1825 1847 1852 1887 1995 2006 2011
46 95 112 176 276 302 353 409 479 538 608 650 671 739 828 883 891 1098 1121 1198 1233 1284 1452 1481 1541 1637 1778 1846 1895 1940 1950 1954
45 75 162 183 243 283 367 435 493 552 565 657 680 775 797 935 957 1029 1104 1161 1214 1275 1342 1423 1428 1527 1679 1694 1725 1732 1894 1910
44 56 121 219 269 328 363 415 467 507 573 654 708 777 795 838 923 990 1032 1075 1116 1178 1311 1432 1451 1462 1619 1681 1713 1745 1795 1835
43 70 125 221 253 290 384 427 501 532 602 658 696 885 938 1000 1023 1073 1127 1187 1254 1318 1339 1387 1397 1446 1583 1634 1747 1780 1816 1882
42 81 171 192 278 294 347 436 468 520 615 649 682 740 807 872 903 993 1102 1155 1183 1262 1279 1288 1468 1505 1534 1545 1581 1612 1709 1758
124 174 270 333 348 408 481 509 619 699 761 810 835 912 997 1041 1086 1143 1188 1333 1365 1460 1475 1547 1742 1789 1811 1815 1849 1873 1880 1911
41 97 119 257 383 423 523 568 624 908 987 1055 1130 1263 1316 1349 1409 1624 1659 1748 1798 1819 1828 1874 1900 1903 1919 1956 1974 1990 1999 2004
40 84 159 193 274 288 374 395 496 544 590 662 672 772 863 913 965 1009 1076 1146 1200 1253 1300 1361 1392 1437 1456 1593 1616 1680 1689 1759
39 99 167 220 250 325 334 430 463 554 603 664 721 742 794 877 902 947 1035 1103 1207 1302 1331 1371 1401 1512 1521 1567 1584 1644 1786 1836
38 62 131 182 248 332 337 397 464 549 600 632 673 733 820 869 926 961 1025 1072 1118 1166 1192 1228 1289 1343 1410 1443 1461 1493 1670 1760
37 72 129 262 300 495 563 717 776 804 846 972 1012 1267 1317 1458 1497 1536 1546 1647 1655 1690 1855 1891 1947 1949 1973 1981 1992 1998 2033 2040
36 67 165 188 254 298 336 407 486 543 584 626 685 723 738 829 856 916 1027 1082 1119 1216 1269 1286 1374 1490 1568 1601 1740 1753 1808 1837
35 73 144 208 232 330 391 425 505 511 585 633 691 769 821 850 918 989 1047 1105 1199 1239 1309 1332 1336 1425 1436 1511 1590 1641 1804 1838
34 61 147 222 242 310 371 447 453 517 562 663 676 766 808 854 942 975 1057 1097 1132 1211 1276 1297 1355 1404 1455 1463 1474 1625 1727 1839
33 87 132 218 313 379 393 506 558 623 827 843 924 992 1052 1087 1139 1217 1232 1277 1319 1363 1389 1603 1750 1806 1848 1859 1860 1912 1926 1931
32 93 166 185 239 343 452 571 651 703 801 934 953 1058 1111 1193 1240 1548 1563 1620 1668 1715 1823 1865 1868 1913 1951 2022 2030 2032 2035 2042
31 77 128 203 229 331 341 416 503 526 576 629 683 749 799 862 943 963 1046 1080 1124 1206 1268 1301 1364 1391 1459 1544 1712 1743 1803 1840
30 79 156 204 263 297 377 434 510 617 653 695 759 813 873 917 958 1078 1150 1179 1227 1315 1354 1399 1438 1485 1554 1588 1652 1700 1730 1841
29 140 184 247 323 491 575 704 752 806 884 931 964 1021 1167 1255 1377 1421 1435 1585 1643 1686 1707 1856 1869 1892 1943 2000 2014 2016 2046 2047
28 85 168 175 258 307 358 448 459 527 570 661 677 756 783 857 904 952 1006 1084 1142 1181 1235 1291 1330 1383 1422 1457 1596 1658 1703 1761
27 96 158 344 438 457 559 606 746 845 937 978 1004 1007 1151 1256 1304 1367 1398 1509 1645 1662 1729 1790 1914 1922 1937 1972 1976 1985 2020 2023
26 103 145 195 324 378 432 489 516 613 646 718 726 786 831 887 906 984 1030 1070 1123 1191 1270 1298 1369 1385 1393 1478 1613 1688 1697 1762
25 78 164 225 231 311 340 413 471 545 581 647 698 765 790 848 919 967 1013 1064 1138 1209 1219 1266 1327 1338 1408 1476 1579 1622 1661 1763
24 92 137 272 368 421 474 522 579 625 867 969 1024 1068 1114 1230 1375 1482 1513 1617 1736 1756 1776 1901 1952 1957 1959 1968 1970 1975 1986 1988
23 63 134 190 234 303 352 443 460 547 611 618 678 732 814 875 932 995 1031 1110 1145 1176 1250 1444 1528 1535 1553 1566 1577 1623 1684 1764
22 98 150 172 251 301 380 441 490 560 631 675 760 798 870 899 976 1208 1251 1412 1453 1532 1571 1651 1744 1746 1785 1791 1824 1831 1862 1883
21 65 142 180 260 316 370 419 456 557 595 636 693 748 809 876 900 988 1020 1077 1125 1229 1324 1368 1406 1447 1576 1633 1665 1726 1920 1924
20 80 116 255 356 400 482 518 582 669 735 866 996 1048 1088 1122 1382 1551 1570 1638 1664 1699 1802 1875 1897 1908 1916 1961 1977 1980 2007 2012
19 76 126 198 261 376 402 540 612 635 715 750 793 834 925 968 1026 1096 1140 1238 1290 1395 1495 1517 1558 1564 1691 1733 1827 1898 1915 1917
18 94 120 178 295 349 444 492 541 630 692 770 782 840 941 983 1050 1071 1163 1220 1417 1441 1520 1602 1702 1781 1807 1812 1907 1918 2019 2027
17 58 123 211 289 346 420 484 668 684 724 778 823 879 889 954 1008 1112 1164 1310 1357 1416 1472 1516 1526 1580 1674 1710 1809 1863 1864 1884
16 59 113 214 226 293 361 472 589 702 774 785 881 991 1005 1168 1215 1241 1370 1394 1503 1575 1631 1666 1792 1896 1928 1991 2031 2036 2038 2044
15 151 200 265 284 354 410 488 525 614 642 706 725 802 852 944 956 1022 1062 1131 1197 1236 1278 1326 1366 1604 1642 1650 1735 1787 1997 2001
14 86 133 179 267 317 388 396 530 605 640 811 832 939 970 1043 1149 1204 1274 1312 1454 1470 1480 1489 1499 1540 1714 1752 1820 1962 1963 1978
13 102 146 237 338 422 462 593 621 844 966 1044 1089 1154 1172 1329 1351 1418 1498 1525 1589 1627 1682 1801 1805 1899 1925 1960 1987 1994 2021 2026
106 157 223 312 412 477 529 610 700 744 812 853 929 986 1085 1246 1280 1295 1352 1431 1515 1519 1594 1693 1731 1799 1858 1890 1893 1923 1934 1938
12 111 127 230 401 469 524 586 656 728 880 895 949 1014 1090 1153 1202 1244 1384 1415 1592 1614 1755 1796 1867 1876 1909 1958 1984 2010 2028 2034
11 105 115 181 238 296 385 418 500 643 689 730 826 839 893 950 1061 1147 1184 1299 1376 1471 1523 1595 1683 1717 1728 1821 1830 1854 1935 1945
10 100 160 266 362 454 515 598 754 985 1034 1101 1129 1169 1258 1303 1337 1426 1615 1672 1737 1771 1800 1850 1878 1888 1905 1967 1971 1989 1993 1996
9 83 118 212 279 326 345 446 504 536 591 639 710 736 816 847 909 977 1107 1136 1165 1173 1261 1294 1341 1396 1439 1496 1506 1607 1628 1765
8 90 138 177 252 287 357 405 451 534 567 665 687 747 818 868 911 994 1033 1092 1159 1170 1203 1247 1314 1390 1465 1537 1550 1626 1692 1766
7 110 148 205 233 305 369 398 497 513 577 652 722 755 788 882 896 999 1028 1060 1094 1157 1321 1340 1473 1518 1524 1539 1598 1640 1698 1767
6 108 143 202 314 339 429 550 622 729 824 878 928 1011 1066 1134 1194 1243 1283 1305 1504 1600 1610 1677 1705 1797 1814 1872 1889 1921 1964 1979
5 88 149 216 268 309 387 439 461 553 574 667 712 743 781 842 892 998 1018 1099 1115 1180 1271 1307 1373 1429 1484 1611 1671 1718 1772 1842
68 209 264 315 372 433 473 537 564 688 771 789 864 920 1039 1117 1205 1222 1380 1420 1469 1508 1530 1605 1639 1696 1739 1886 1902 1936 2017 2025
4 71 163 187 228 304 390 437 483 514 599 620 709 817 865 905 974 1037 1067 1160 1196 1224 1226 1313 1347 1386 1477 1542 1632 1711 1734 1843
3 55 170 196 249 329 351 426 455 533 583 648 679 773 830 841 930 1016 1093 1135 1185 1273 1325 1335 1345 1449 1487 1648 1657 1701 1773 1844
2 89 191 282 359 406 499 561 594 645 719 731 803 833 922 945 1053 1106 1156 1201 1259 1281 1403 1433 1492 1531 1599 1660 1777 1861 1927 1932
1 107 154 194 227 319 355 445 485 546 604 659 690 727 784 851 910 1002 1056 1081 1126 1177 1306 1359 1413 1427 1464 1522 1559 1649 1653 1768
122 273 321 360 502 578 681 805 927 980 1040 1175 1252 1320 1362 1407 1450 1491 1562 1678 1716 1724 1866 1877 1904 1944 1955 1982 2008 2013 2029 2037
64 161 217 236 291 350 411 466 508 566 628 670 767 819 901 959 1017 1083 1137 1189 1223 1249 1296 1348 1411 1479 1502 1572 1646 1667 1929 1933
91 114 201 241 327 375 440 475 551 607 637 686 768 815 855 898 962 1036 1095 1128 1182 1264 1328 1379 1400 1555 1565 1591 1630 1673 1723 1769
82 213 280 285 382 428 470 512 569 716 745 780 849 914 946 1091 1109 1213 1257 1344 1543 1569 1722 1738 1775 1784 1813 1826 1829 1853 1871 1885
69 153 224 240 292 364 414 476 542 588 634 714 737 800 886 907 981 1049 1133 1234 1308 1419 1445 1507 1560 1597 1663 1720 1741 1749 1794 1845
169 197 235 320 366 431 465 539 596 674 753 837 936 1001 1019 1113 1242 1356 1434 1467 1486 1654 1721 1754 1783 1822 1906 1969 2003 2005 2039 2041
53 60 139 186 271 281 394 487 555 592 660 720 758 779 860 890 971 1010 1079 1162 1218 1225 1237 1323 1334 1381 1549 1586 1635 1685 1704 1770
54 108 129 198 244 298 341 441 457 534 579 640 710 762 795 858 893 1002 1037 1073 1157 1244 1345 1416 1456 1486 1519 1581 1664 1735 1789 1846
52 59 138 270 334 486 591 659 757 859 889 970 1009 1161 1217 1224 1236 1322 1380 1585 1634 1684 1703 1878 1900 1945 1986 2023 2028 2033 2041 2043
51 56 116 172 276 305 372 402 493 547 596 643 696 824 939 954 1053 1107 1119 1209 1220 1240 1291 1371 1413 1429 1500 1586 1617 1655 1793 1847
73 140 188 245 385 398 520 586 706 756 786 835 943 1099 1189 1230 1292 1359 1401 1439 1465 1556 1620 1669 1719 1730 1733 1791 1828 1834 1844 1886
50 65 154 206 243 307 403 479 530 665 700 750 791 831 870 932 972 1044 1064 1143 1173 1264 1321 1377 1551 1572 1605 1674 1729 1741 1770 1848
49 97 151 214 274 321 364 505 524 615 637 704 733 873 888 914 959 1041 1069 1154 1185 1247 1313 1352 1404 1458 1482 1501 1635 1671 1702 1771
48 106 112 209 255 317 380 416 485 527 600 626 693 740 790 860 896 978 1058 1147 1194 1259 1349 1423 1441 1485 1488 1510 1528 1675 1690 1772
47 100 134 215 258 283 351 423 497 518 602 668 674 763 785 836 910 950 1050 1068 1151 1271 1281 1284 1364 1540 1563 1608 1628 1749 1766 1849
46 103 135 205 246 301 388 407 449 555 571 629 712 761 821 857 920 947 1025 1062 1140 1211 1242 1357 1387 1447 1533 1577 1614 1686 1708 1773
45 94 170 175 275 352 408 478 537 607 649 670 738 882 890 964 1034 1097 1120 1197 1232 1431 1451 1480 1532 1536 1748 1751 1759 1813 1836 1887
44 74 161 182 282 366 434 492 551 564 656 679 774 796 934 956 1028 1103 1160 1274 1329 1341 1427 1603 1725 1727 1762 1804 1840 1842 1869 1888
43 55 120 218 268 327 362 414 466 561 572 707 794 837 989 1031 1074 1235 1393 1461 1618 1680 1829 1872 1904 1913 1925 1954 1956 1957 2001 2007
42 69 124 220 252 289 383 426 500 531 601 657 695 764 827 884 937 999 1022 1072 1126 1253 1317 1386 1582 1633 1658 1746 1753 1764 1796 1850
171 277 346 435 614 648 739 871 902 1059 1182 1261 1287 1544 1554 1611 1685 1811 1915 1968 1978 1985 1990 1995 1998 2010 2016 2017 2026 2030 2037 2045
41 123 173 333 347 480 588 618 698 760 809 834 911 996 1040 1085 1142 1187 1257 1286 1332 1459 1474 1546 1653 1694 1825 1830 1870 1922 1931 1939
40 96 118 256 293 382 392 422 522 567 623 717 731 797 865 907 986 1054 1088 1129 1177 1262 1315 1348 1408 1435 1592 1623 1726 1882 1955 1964
39 83 158 192 287 373 394 495 543 589 661 771 862 912 1075 1145 1252 1299 1360 1436 1455 1552 1615 1679 1768 1814 1816 1863 1885 1895 1917 1920
38 98 166 219 324 429 462 553 663 720 741 793 876 901 946 1102 1206 1330 1400 1511 1566 1583 1643 1711 1845 1881 1908 1909 1918 1923 1932 1940
37 61 130 181 247 331 336 396 463 548 599 631 672 732 819 868 925 960 1024 1071 1117 1165 1191 1227 1288 1342 1409 1442 1460 1492 1695 1774
36 71 128 207 261 299 409 494 554 562 716 775 803 845 931 971 1011 1095 1168 1193 1266 1316 1497 1514 1535 1545 1560 1580 1646 1739 1744 1851
35 66 164 187 297 406 542 684 828 1000 1026 1081 1118 1268 1373 1396 1489 1567 1713 1731 1738 1797 1866 1876 1896 1897 1899 1901 1903 1906 1935 1946
34 72 143 231 390 504 584 632 768 849 917 988 1046 1104 1198 1238 1308 1331 1424 1640 1681 1693 1916 1919 1958 1975 1976 2003 2013 2019 2022 2038
33 60 146 221 241 309 370 446 452 516 616 662 675 765 807 853 941 974 1056 1096 1131 1210 1275 1296 1354 1403 1454 1462 1473 1624 1678 1775
32 86 131 217 235 312 378 447 506 557 608 622 677 725 826 842 923 991 1051 1086 1138 1216 1225 1231 1318 1362 1388 1426 1602 1609 1652 1776
31 92 165 184 238 300 342 424 451 559 650 702 773 877 933 952 1057 1101 1109 1122 1192 1239 1310 1358 1547 1562 1619 1714 1767 1798 1822 1889
30 76 127 202 228 330 340 415 502 525 575 628 682 748 798 861 942 962 1045 1079 1123 1205 1267 1300 1333 1363 1390 1543 1607 1629 1668 1777
29 78 155 203 262 296 376 433 484 509 617 652 694 758 812 872 916 957 1014 1077 1149 1178 1226 1278 1314 1353 1398 1437 1493 1587 1699 1778
28 102 139 183 322 355 438 490 519 574 664 703 751 805 883 930 963 1020 1090 1130 1166 1213 1254 1293 1376 1420 1434 1642 1706 1758 1802 1852
27 84 167 174 257 306 357 448 458 526 569 660 676 755 782 856 903 951 1005 1083 1141 1180 1234 1283 1290 1382 1421 1476 1595 1630 1657 1779
26 95 157 191 269 332 343 437 456 558 605 625 690 792 844 936 977 1112 1150 1303 1335 1366 1397 1591 1661 1705 1728 1877 1883 1936 1941 1947
25 144 242 377 431 488 612 645 778 886 905 983 1190 1269 1368 1392 1688 1750 1821 1824 1871 1914 1933 1970 1974 1983 2008 2024 2034 2036 2042 2047
24 77 163 225 230 310 339 412 470 544 580 646 697 789 847 918 966 1012 1063 1137 1170 1208 1265 1326 1337 1407 1475 1578 1621 1660 1715 1780
23 91 136 194 271 329 367 420 473 521 624 719 776 780 866 915 968 1023 1067 1113 1175 1229 1285 1374 1412 1443 1481 1512 1616 1656 1709 1781
22 62 133 189 233 302 442 459 546 610 813 874 994 1030 1144 1249 1487 1507 1527 1534 1553 1565 1622 1683 1740 1801 1874 1875 1926 1949 1959 1966
21 149 379 489 592 759 869 898 975 1006 1207 1250 1338 1411 1452 1467 1531 1570 1612 1650 1689 1826 1944 1965 1971 1991 1994 2004 2018 2027 2035 2046
20 64 141 179 259 315 369 418 455 556 594 635 692 747 808 875 899 987 1019 1076 1124 1199 1228 1323 1367 1405 1446 1576 1596 1632 1707 1782
19 79 115 199 254 308 399 481 581 669 714 734 820 995 1047 1087 1121 1276 1304 1381 1450 1550 1569 1584 1698 1864 1938 1943 1963 1973 1999 2005
18 75 125 260 375 467 539 611 634 833 924 967 1237 1289 1355 1496 1516 1557 1626 1799 1843 1879 1960 1977 1982 1989 1992 2002 2011 2020 2032 2044
17 119 177 250 294 348 443 491 540 578 691 781 839 940 982 1049 1070 1162 1219 1241 1301 1520 1601 1627 1701 1810 1820 1832 1950 1979 1997 2006
16 57 210 273 288 345 419 483 517 603 667 683 723 777 822 878 944 953 1007 1163 1218 1309 1356 1415 1471 1508 1526 1579 1648 1673 1805 1853
15 58 213 279 292 360 440 471 510 701 784 880 990 1098 1139 1167 1214 1369 1477 1503 1505 1574 1665 1747 1757 1761 1865 1911 1921 1952 1953 1967
14 93 150 264 353 487 613 641 724 851 955 1196 1277 1325 1365 1495 1538 1641 1712 1833 1835 1893 1910 1961 1984 1996 2009 2014 2021 2029 2040 2048
13 85 132 178 266 316 387 395 464 529 604 639 769 810 887 938 969 1042 1148 1203 1273 1311 1384 1453 1469 1479 1499 1663 1754 1792 1809 1854
101 145 197 236 337 421 461 620 705 737 806 843 922 965 1043 1153 1171 1328 1350 1417 1428 1498 1524 1559 1800 1819 1827 1831 1838 1839 1868 1890
12 105 156 222 272 311 391 411 476 528 609 654 699 743 811 852 928 985 1021 1084 1245 1279 1294 1351 1394 1430 1515 1518 1593 1637 1670 1783
11 111 126 229 323 335 400 468 523 585 655 681 727 801 879 894 948 1013 1089 1152 1201 1243 1302 1383 1414 1445 1575 1613 1651 1696 1790 1855
10 104 114 180 237 295 384 417 499 508 583 642 688 729 825 838 892 949 1029 1060 1080 1146 1183 1298 1375 1470 1522 1548 1594 1644 1716 1784
9 99 159 224 265 285 361 393 453 514 597 621 711 753 830 867 927 984 1033 1100 1128 1186 1425 1573 1588 1718 1795 1812 1815 1818 1867 1891
8 82 117 211 278 325 344 445 503 535 590 638 709 735 815 846 908 976 1106 1114 1135 1172 1260 1340 1395 1438 1506 1606 1687 1704 1807 1856
7 89 176 251 286 356 404 450 533 566 686 746 817 993 1032 1091 1158 1169 1202 1246 1389 1464 1537 1549 1625 1691 1803 1892 1894 1902 1942 1948
6 109 147 204 232 304 368 397 496 512 576 651 721 754 787 881 895 998 1004 1027 1093 1156 1320 1339 1472 1523 1597 1639 1667 1697 1787 1857
5 107 142 201 253 313 338 428 477 549 570 671 728 823 1010 1065 1133 1282 1336 1440 1504 1599 1676 1745 1765 1817 1873 1905 1928 1951 1969 1972
148 267 386 460 552 573 666 742 841 891 997 1017 1179 1270 1306 1372 1422 1483 1555 1610 1717 1808 1981 1987 1988 1993 2000 2012 2015 2025 2031 2039
4 67 137 208 263 314 371 432 472 536 563 687 770 788 863 919 992 1038 1110 1116 1204 1221 1255 1379 1419 1468 1529 1604 1638 1654 1760 1858
3 70 162 186 227 303 389 436 482 513 598 619 708 749 816 864 904 973 1036 1066 1159 1195 1223 1312 1346 1385 1525 1541 1631 1662 1710 1785
2 110 169 195 248 328 350 425 454 532 582 647 678 772 829 840 929 981 1015 1092 1134 1184 1272 1324 1334 1344 1448 1484 1647 1700 1756 1859
1 88 152 190 249 281 358 405 498 560 593 644 718 730 802 832 921 1003 1052 1105 1155 1200 1258 1280 1378 1402 1432 1491 1530 1598 1659 1786
153 193 226 318 354 444 545 658 689 726 783 850 909 1001 1055 1125 1176 1305 1391 1463 1521 1558 1649 1724 1736 1737 1742 1752 1823 1841 1884 1912
80 121 185 320 359 401 501 515 577 653 680 745 804 855 926 979 1039 1174 1251 1319 1361 1406 1449 1490 1509 1513 1561 1589 1677 1763 1929 1934
63 160 216 290 349 410 465 507 565 627 722 766 818 900 958 1016 1082 1136 1188 1222 1248 1295 1347 1410 1478 1502 1571 1645 1666 1723 1794 1860
90 113 200 240 326 374 439 474 550 606 636 685 767 814 854 897 961 1035 1094 1127 1181 1263 1327 1399 1564 1590 1672 1722 1732 1743 1806 1861
81 122 212 280 284 381 427 469 511 568 630 715 744 779 848 913 945 1008 1061 1115 1212 1256 1297 1343 1542 1568 1600 1636 1682 1720 1769 1862
68 223 239 291 363 413 475 541 587 633 713 736 799 885 906 980 1048 1108 1132 1233 1307 1370 1418 1444 1457 1494 1517 1721 1734 1755 1924 1927
53 87 168 196 234 319 365 430 538 595 673 752 800 935 1018 1078 1111 1164 1215 1433 1466 1539 1692 1788 1837 1880 1898 1907 1930 1937 1962 1980
54 107 128 243 297 340 456 533 639 709 761 794 892 1001 1036 1072 1156 1243 1286 1344 1415 1455 1518 1748 1781 1847 1930 1960 1963 1991 1996 1998
52 86 167 195 233 318 364 429 464 537 594 625 672 751 799 836 934 1000 1017 1077 1109 1163 1214 1241 1304 1355 1432 1465 1485 1653 1691 1787
51 58 332 554 590 658 719 756 830 858 944 969 1078 1160 1216 1223 1321 1379 1548 1575 1633 1683 1771 1779 1802 1835 1885 1902 1922 1923 1946 1955
55 115 275 304 371 492 546 595 642 695 823 857 938 953 1052 1106 1118 1208 1219 1239 1290 1500 1585 1616 1729 1736 1739 1834 1845 1971 1982 1987
50 72 139 187 244 384 397 585 755 834 942 981 1014 1188 1229 1291 1400 1438 1464 1619 1719 1766 1772 1823 1858 1944 1964 1989 2016 2021 2024 2031
49 64 153 205 306 334 402 478 529 608 699 778 790 869 971 1043 1063 1142 1172 1263 1320 1376 1494 1550 1571 1604 1673 1705 1762 1843 1875 1892
48 96 150 213 320 363 393 504 523 614 636 703 732 831 872 913 958 1040 1068 1153 1184 1246 1312 1351 1403 1481 1501 1560 1634 1701 1808 1863
47 105 170 208 254 316 379 415 526 599 692 739 789 859 895 977 1057 1146 1258 1348 1493 1510 1527 1555 1577 1674 1744 1841 1842 1906 1972 1979
46 99 133 214 257 282 350 422 496 601 667 673 762 784 835 909 949 1049 1067 1150 1270 1280 1363 1517 1532 1562 1608 1694 1754 1803 1807 1864
45 134 204 245 387 406 505 628 760 856 919 946 1024 1210 1356 1386 1446 1487 1533 1613 1758 1846 1859 1889 1907 1916 1993 1994 2029 2033 2044 2047
44 169 174 274 301 536 606 648 722 881 889 963 1033 1096 1119 1196 1231 1430 1479 1531 1535 1540 1636 1726 1816 1825 1828 1899 1909 1966 1997 2007
43 73 160 181 242 281 365 433 491 550 563 655 678 795 867 933 955 1027 1102 1159 1213 1273 1328 1340 1391 1422 1602 1629 1678 1693 1725 1865
42 110 119 217 267 326 361 413 465 560 571 653 706 776 793 922 988 1030 1073 1115 1177 1234 1310 1336 1392 1431 1450 1460 1617 1679 1712 1788
68 123 219 251 288 382 425 499 530 600 656 694 763 826 883 936 998 1071 1125 1186 1252 1316 1338 1385 1396 1445 1581 1632 1657 1740 1811 1893
41 80 171 191 276 293 345 434 467 519 613 647 681 738 806 870 901 992 1058 1101 1154 1181 1260 1278 1384 1443 1543 1580 1610 1684 1708 1789
40 106 172 269 333 346 407 479 508 587 697 759 808 833 995 1039 1084 1141 1256 1331 1364 1473 1545 1607 1609 1804 1850 1853 1896 1912 1942 1949
39 95 117 185 255 292 381 421 477 521 566 622 716 730 796 864 906 985 1053 1087 1128 1176 1261 1314 1347 1407 1434 1456 1622 1658 1707 1790
38 82 157 273 286 372 494 542 660 671 770 827 861 911 964 1008 1074 1144 1199 1251 1298 1359 1454 1551 1727 1737 1818 1911 1919 1985 2032 2043
37 165 218 249 391 428 461 552 602 662 740 875 900 945 1034 1205 1276 1283 1301 1370 1399 1565 1582 1642 1651 1710 1986 2003 2018 2020 2030 2034
36 60 129 180 330 395 462 547 598 818 924 959 1023 1070 1114 1116 1190 1226 1287 1341 1408 1441 1459 1491 1669 1814 1826 1849 1852 1874 1876 1894
35 70 127 206 260 298 408 493 553 616 668 715 774 802 844 930 970 1010 1094 1167 1192 1265 1315 1457 1497 1534 1544 1579 1645 1654 1689 1791
34 65 163 186 253 296 335 392 405 485 541 583 683 737 855 915 999 1117 1267 1372 1395 1566 1600 1670 1752 1759 1809 1937 1952 2001 2005 2011
33 71 142 230 329 389 424 503 510 631 690 767 820 848 916 987 1045 1103 1164 1197 1237 1307 1330 1423 1435 1589 1639 1680 1783 1855 1935 1950
32 59 145 220 240 369 445 451 615 661 852 940 973 1055 1209 1274 1295 1353 1402 1453 1461 1472 1623 1677 1769 1780 1965 1992 2008 2012 2014 2026
31 85 130 216 234 311 377 446 506 556 607 676 724 825 841 990 1050 1085 1137 1224 1230 1317 1361 1387 1425 1601 1709 1741 1778 1897 1925 1928
30 91 164 183 237 299 341 423 450 558 570 649 701 772 800 876 932 951 1056 1061 1100 1121 1191 1238 1309 1357 1546 1561 1592 1618 1667 1792
29 75 126 201 227 339 414 501 574 627 747 860 941 961 1044 1204 1266 1299 1332 1362 1389 1542 1606 1628 1767 1786 1975 2004 2010 2041 2042 2048
28 77 154 202 261 295 375 432 483 617 651 693 757 811 871 956 1013 1076 1148 1277 1352 1397 1436 1492 1525 1586 1698 1830 1836 1901 1948 1956
27 101 138 182 246 321 354 437 489 518 573 663 702 750 804 882 929 962 1019 1089 1129 1165 1212 1253 1292 1375 1419 1433 1584 1641 1685 1793
26 83 166 173 256 305 356 448 457 525 568 659 675 754 781 902 950 1082 1140 1179 1233 1282 1289 1381 1420 1475 1505 1594 1702 1732 1756 1866
25 94 156 190 268 331 342 436 455 557 604 624 689 745 791 843 888 935 976 1006 1149 1193 1255 1334 1365 1508 1590 1644 1660 1753 1765 1867
24 102 143 194 241 323 376 430 487 515 611 644 717 723 725 785 885 904 982 1029 1069 1122 1189 1268 1297 1335 1367 1477 1552 1612 1688 1794
23 76 162 225 229 309 338 411 469 543 579 645 696 764 788 846 917 965 1011 1062 1136 1169 1207 1264 1325 1406 1474 1488 1620 1659 1714 1795
22 90 135 193 270 328 366 419 472 520 578 623 718 775 779 914 967 1022 1066 1111 1174 1228 1284 1373 1411 1442 1480 1511 1615 1655 1995 1999
21 61 132 188 232 351 441 458 545 609 677 731 812 873 993 1108 1143 1175 1248 1329 1484 1553 1559 1564 1621 1713 1784 1821 1851 1887 1973 1978
20 97 148 224 250 378 440 488 559 591 630 674 758 797 868 897 974 1005 1090 1206 1249 1337 1410 1451 1466 1495 1513 1530 1569 1611 1768 1868
19 63 140 178 258 314 368 417 454 555 593 634 691 746 807 874 898 986 1018 1075 1123 1198 1227 1322 1366 1404 1576 1595 1631 1664 1706 1796
18 78 114 198 307 355 398 480 517 580 669 713 733 819 865 931 994 1046 1086 1120 1215 1275 1303 1380 1449 1549 1568 1583 1637 1663 1697 1797
17 74 124 197 259 285 374 401 466 538 610 633 714 749 792 832 923 966 1025 1095 1139 1218 1236 1288 1354 1394 1556 1563 1625 1687 1690 1798
16 93 118 176 347 442 490 539 577 629 769 838 939 1048 1161 1170 1300 1416 1440 1520 1536 1671 1700 1738 1757 1827 1844 1932 1976 1983 1988 1990
15 56 122 209 287 344 418 482 516 666 682 821 952 1110 1162 1217 1308 1414 1470 1526 1578 1647 1672 1833 1839 1881 1883 1898 1903 1934 1951 1957
14 57 112 212 278 291 359 439 470 509 588 621 700 773 783 879 989 1059 1097 1138 1166 1240 1285 1368 1503 1630 1735 1745 1764 1782 1785 1869
13 92 149 199 263 283 352 409 486 524 612 640 705 777 801 850 943 954 1021 1130 1195 1225 1235 1324 1496 1509 1573 1603 1640 1773 1777 1870
84 131 177 265 315 386 394 463 528 638 768 809 886 937 968 1041 1080 1147 1202 1272 1383 1452 1468 1478 1499 1539 1648 1734 1747 1884 1890 1913
12 100 144 196 300 336 420 460 592 619 704 736 805 842 921 1042 1088 1152 1327 1349 1427 1498 1519 1523 1558 1588 1626 1681 1775 1832 1860 1895
11 104 155 221 271 310 390 410 475 527 698 742 810 851 984 1020 1083 1244 1350 1429 1515 1554 1692 1774 1813 1848 1856 1857 1904 1905 1917 1921
10 111 125 207 228 322 399 522 584 680 726 878 893 947 1012 1151 1200 1382 1413 1444 1574 1591 1650 1760 1770 1817 1819 1822 1824 1886 1915 1918
9 103 113 179 236 294 383 416 498 507 582 641 687 728 824 837 891 948 1004 1028 1079 1145 1182 1374 1469 1521 1547 1593 1643 1682 1763 1871
8 98 158 223 264 284 360 447 452 513 596 620 710 752 829 866 926 983 1032 1099 1127 1168 1185 1257 1302 1424 1572 1587 1614 1717 1810 1872
7 81 116 210 277 324 343 444 502 534 589 637 708 734 814 845 907 975 1105 1113 1134 1171 1259 1293 1339 1437 1506 1605 1627 1686 1703 1799
6 88 137 175 403 449 532 565 664 685 816 910 1031 1157 1201 1245 1313 1388 1463 1537 1624 1668 1733 1862 1877 1879 1888 1891 1943 1945 2017 2027
5 108 146 203 231 303 367 396 495 511 575 650 720 753 786 880 894 997 1026 1092 1155 1319 1471 1522 1538 1638 1666 1746 1749 1924 1933 1941
141 200 252 312 337 427 476 548 569 670 727 822 877 927 1009 1064 1132 1242 1281 1393 1439 1504 1598 1675 1704 1742 1931 1947 1967 1980 2019 2025
4 87 147 215 266 308 385 438 459 551 572 665 711 741 780 840 890 996 1016 1098 1178 1269 1305 1371 1421 1428 1482 1514 1716 1731 1743 1873
3 66 136 262 313 370 431 471 535 562 654 686 787 862 918 991 1037 1203 1220 1254 1418 1507 1528 1695 1820 1829 1861 1880 1910 1938 1958 1968
2 69 161 226 302 388 435 481 512 597 618 707 748 815 863 903 972 1035 1065 1158 1194 1222 1311 1345 1467 1524 1661 1751 1761 1805 1900 1914
1 109 168 247 327 349 453 531 581 646 771 828 839 928 980 1091 1133 1183 1271 1323 1343 1426 1447 1483 1646 1656 1699 1730 1926 1970 2022 2028
151 189 248 357 404 497 643 729 887 920 1002 1051 1104 1279 1377 1401 1490 1529 1597 1711 1724 1815 1831 1882 1920 1954 1974 1984 2023 2035 2039 2045
192 279 317 353 443 484 544 603 657 688 782 849 908 1054 1124 1358 1390 1412 1462 1557 1649 1652 1718 1750 1837 1854 1908 1927 1929 1939 1959 1969
79 120 184 272 319 358 400 500 514 576 652 679 744 803 854 925 978 1038 1112 1173 1250 1318 1360 1405 1448 1458 1489 1512 1676 1715 1723 1800
62 159 235 289 348 561 564 626 721 765 817 899 957 1015 1081 1135 1187 1221 1247 1294 1346 1409 1502 1570 1665 1722 1728 1755 1962 2015 2036 2040
89 239 325 373 473 549 605 635 684 766 813 853 896 960 1093 1126 1180 1262 1326 1333 1378 1398 1720 1776 1812 1840 1940 1953 1961 2000 2002 2013
121 211 280 380 426 468 567 743 847 912 1003 1007 1060 1211 1296 1342 1541 1567 1599 1635 1721 1806 1838 1878 1936 1977 1981 2006 2009 2037 2038 2046
53 67 152 222 238 290 362 412 474 540 586 632 712 735 798 884 905 979 1047 1107 1131 1232 1306 1369 1417 1476 1486 1516 1596 1662 1696 1801
54 127 197 296 339 440 455 532 578 638 708 760 793 857 891 1035 1071 1155 1343 1414 1454 1485 1573 1580 1663 1726 1742 1762 1817 1837 1857 1896
52 66 151 221 237 289 361 411 473 539 585 631 734 883 904 978 1046 1106 1218 1231 1305 1368 1475 1559 1595 1661 1760 1832 1930 1993 2004 2014
51 85 166 232 317 363 428 463 536 593 624 750 798 835 933 999 1016 1061 1076 1162 1303 1354 1464 1493 1538 1757 1814 1869 1879 1912 1954 1970
57 137 185 269 331 391 393 485 553 589 657 718 755 829 968 1008 1077 1159 1222 1235 1320 1547 1574 1584 1632 1702 1784 1833 1834 1847 1861 1897
50 110 114 224 274 303 370 401 491 545 594 641 694 822 856 937 952 1051 1105 1117 1170 1207 1238 1289 1370 1412 1428 1500 1615 1654 1705 1802
49 71 138 186 243 285 383 396 477 519 584 654 705 754 785 833 941 980 1013 1098 1187 1228 1290 1358 1399 1437 1463 1513 1555 1618 1719 1803
48 63 204 242 305 528 607 664 698 723 749 789 868 970 1042 1062 1141 1171 1262 1319 1375 1486 1549 1570 1672 1765 1828 1910 1923 1927 1973 1982
47 95 149 212 273 319 362 447 503 522 613 635 702 778 871 912 957 1039 1067 1152 1183 1245 1311 1350 1402 1457 1480 1501 1633 1700 1731 1874
46 104 169 315 378 414 484 525 598 691 738 788 858 894 976 1056 1145 1329 1347 1422 1440 1487 1492 1510 1673 1689 1743 1797 1815 1937 1947 1958
45 98 132 213 256 281 349 421 495 517 600 666 672 761 783 834 908 948 1048 1066 1149 1269 1279 1362 1516 1531 1539 1561 1608 1627 1668 1804
44 102 133 203 244 386 405 504 554 570 627 711 759 820 918 945 1023 1139 1209 1241 1385 1426 1484 1509 1533 1685 1748 1796 1824 1866 1868 1898
43 93 168 173 351 407 535 605 647 721 737 827 880 944 962 1032 1118 1195 1230 1429 1450 1478 1530 1534 1635 1651 1707 1754 1863 1964 1992 1994
42 72 159 180 241 364 432 490 549 562 773 794 866 932 954 1026 1158 1212 1272 1327 1339 1390 1421 1601 1628 1677 1725 1783 1886 1926 2023 2030
109 118 216 266 325 360 412 652 775 836 921 987 1072 1176 1233 1309 1430 1449 1459 1552 1616 1727 1777 1811 1821 1889 1962 1981 2019 2020 2021 2035
41 67 218 287 381 498 529 599 655 693 762 825 882 935 997 1021 1070 1124 1185 1251 1315 1337 1395 1444 1631 1713 1756 1853 1914 1998 2022 2027
40 79 171 190 275 292 344 433 466 518 612 646 680 805 869 900 991 1057 1100 1153 1180 1259 1277 1286 1383 1442 1542 1579 1683 1846 1873 1899
39 105 122 268 333 345 406 478 507 586 696 758 807 832 910 994 1038 1083 1140 1186 1330 1363 1472 1544 1606 1652 1693 1741 1851 1936 1952 1971
38 94 116 184 254 291 380 420 476 520 565 715 729 795 863 905 984 1052 1086 1127 1260 1346 1406 1433 1455 1591 1621 1657 1706 1928 1948 1959
37 81 156 191 371 493 541 588 659 670 826 860 963 1007 1073 1143 1198 1250 1435 1453 1550 1614 1678 1718 1733 1771 1798 1820 1823 1871 1934 1942
36 97 164 217 248 323 390 427 460 551 601 661 719 739 792 874 899 1003 1033 1101 1164 1204 1275 1282 1300 1369 1398 1564 1581 1641 1650 1805
35 59 128 179 246 335 394 461 546 597 630 671 731 817 923 958 1022 1113 1189 1340 1407 1490 1525 1607 1694 1766 1789 1829 1888 1975 1979 1983
34 69 126 205 259 297 492 552 615 667 843 929 969 1009 1093 1166 1191 1264 1314 1476 1497 1543 1578 1728 1768 1825 1865 1880 1944 1977 1978 1984
33 64 162 252 295 404 540 582 625 682 736 854 914 998 1025 1116 1215 1266 1285 1371 1456 1565 1599 1648 1712 1770 1774 1799 1816 1841 1854 1900
32 70 141 207 229 328 388 423 502 509 583 689 766 819 847 986 1044 1102 1163 1196 1236 1283 1306 1434 1536 1638 1679 1692 1800 1826 1842 1901
31 58 144 219 239 308 368 444 450 515 614 660 674 764 806 851 939 972 1054 1095 1130 1208 1273 1294 1352 1401 1452 1460 1471 1622 1676 1806
30 84 129 233 310 376 445 506 555 606 675 777 824 840 922 989 1049 1084 1136 1223 1229 1316 1360 1386 1424 1494 1738 1836 1967 1995 2005 2015
29 90 163 182 236 298 340 422 449 557 569 648 700 771 799 875 950 1055 1060 1099 1120 1190 1237 1308 1356 1458 1545 1617 1666 1747 1790 1875
28 74 125 200 226 329 338 413 500 524 573 626 681 746 797 859 940 960 1043 1078 1122 1203 1265 1298 1331 1361 1388 1541 1605 1667 1711 1807
27 76 153 201 260 294 374 431 482 508 617 650 692 756 810 870 915 955 1012 1075 1147 1177 1225 1313 1351 1491 1524 1585 1697 1753 1909 1919
26 100 181 245 320 353 436 488 572 662 701 803 881 928 961 1018 1114 1128 1211 1252 1291 1374 1418 1432 1583 1640 1684 1729 1819 1843 1864 1902
25 82 165 172 255 304 448 456 567 658 753 855 901 949 1059 1081 1178 1232 1281 1288 1380 1419 1474 1593 1656 1701 1840 1943 1965 1988 2044 2048
24 155 189 267 330 341 435 454 556 623 688 744 790 831 842 934 975 1005 1110 1148 1192 1254 1302 1396 1643 1659 1704 1870 1884 1997 2013 2028
23 101 142 193 240 322 375 429 486 514 610 643 716 724 784 884 903 1028 1068 1121 1188 1267 1296 1334 1366 1551 1611 1688 1755 1785 1844 1903
22 75 161 225 228 337 410 468 542 644 695 763 787 845 916 1010 1135 1206 1263 1324 1405 1473 1577 1619 1781 1792 1872 1882 1891 1895 2012 2029
21 89 134 192 327 365 418 471 577 622 774 865 913 966 1065 1109 1173 1227 1372 1410 1441 1479 1532 1708 1739 1818 1878 1893 1922 1974 2003 2016
20 60 131 187 231 301 350 457 544 668 676 730 811 872 931 1029 1107 1142 1174 1247 1328 1384 1483 1553 1558 1620 1682 1848 1991 2001 2002 2017
19 96 147 223 300 377 439 487 558 590 673 757 796 896 973 1089 1205 1248 1409 1465 1496 1505 1512 1529 1568 1610 1737 1795 1894 1932 2006 2007
18 62 139 177 257 313 367 416 453 633 873 897 985 1017 1074 1197 1226 1321 1365 1403 1445 1576 1594 1761 1793 1831 1877 1963 1976 2026 2033 2042
17 77 113 253 306 354 397 479 516 579 669 712 732 818 864 930 993 1045 1085 1119 1214 1274 1379 1448 1567 1582 1734 1813 1867 1933 1945 1960
16 73 123 196 258 284 373 400 465 537 609 632 713 748 791 887 965 1024 1094 1138 1217 1287 1353 1562 1592 1624 1686 1744 1772 1835 1921 1925
15 92 117 175 249 293 346 441 489 538 576 628 690 768 780 837 938 981 1047 1069 1160 1169 1240 1299 1415 1439 1520 1535 1600 1626 1699 1808
14 55 121 208 272 286 343 392 417 481 602 665 776 877 943 951 1006 1161 1216 1307 1355 1413 1469 1488 1507 1526 1646 1775 1812 1916 2008 2010
13 56 170 211 277 290 358 469 587 620 699 772 782 878 988 1058 1096 1137 1165 1213 1239 1284 1367 1393 1467 1503 1664 1732 1740 1830 1996 2000
91 148 198 262 282 408 523 611 639 704 849 942 953 1020 1112 1129 1194 1224 1234 1323 1364 1572 1602 1639 1687 1786 1822 1859 1890 1946 1957 1966
12 83 130 176 264 314 385 462 527 603 637 767 808 885 936 967 1040 1079 1146 1201 1271 1310 1382 1451 1499 1647 1662 1764 1787 1968 2036 2043
11 99 143 195 235 299 419 459 591 618 703 735 804 841 920 964 1041 1087 1151 1326 1348 1391 1416 1498 1518 1522 1557 1587 1625 1680 1769 1876
10 103 154 220 270 309 389 474 526 608 653 697 741 809 850 927 983 1019 1082 1243 1278 1293 1349 1515 1636 1669 1691 1745 1749 1987 2032 2040
9 111 124 206 227 321 334 398 467 521 679 800 892 946 1011 1088 1150 1242 1301 1381 1495 1590 1612 1695 1735 1736 1750 1801 1858 1920 1935 1951
8 178 382 415 497 561 581 640 686 727 823 890 947 1027 1144 1181 1297 1373 1468 1546 1642 1715 1788 1838 1860 1908 1917 1941 1953 1990 2041 2047
7 157 222 263 359 446 451 512 595 619 709 751 828 925 982 1031 1126 1167 1184 1256 1336 1423 1571 1586 1613 1671 1716 1918 1999 2009 2018 2031
6 115 209 276 342 443 501 533 636 707 733 813 844 906 974 1104 1111 1133 1258 1292 1394 1436 1506 1519 1604 1746 1758 1779 1827 1911 2034 2037
5 136 174 250 355 402 505 531 564 663 684 745 815 867 909 992 1030 1156 1168 1200 1244 1312 1387 1462 1537 1548 1623 1690 1767 1989 2039 2046
107 145 202 230 302 366 395 494 574 649 752 879 888 893 996 1091 1318 1338 1470 1517 1521 1596 1665 1773 1794 1938 1986 2011 2024 2025 2038 2045
4 140 251 311 336 426 475 547 568 621 722 726 821 876 926 1063 1131 1193 1280 1304 1392 1438 1504 1597 1609 1674 1703 1885 1907 1939 1950 1961
3 86 146 214 265 307 384 437 458 550 571 710 740 779 839 889 995 1015 1097 1268 1333 1420 1427 1481 1670 1763 1791 1845 1892 1931 1956 1969
2 65 135 261 312 369 430 470 534 616 685 769 786 861 917 990 1036 1108 1115 1202 1219 1253 1378 1417 1443 1527 1603 1637 1653 1849 1855 1904
1 68 160 279 387 434 480 511 596 706 747 814 862 902 971 1064 1157 1221 1335 1344 1466 1523 1540 1630 1660 1839 1887 1913 1940 1949 1955 1972
108 167 194 326 348 424 452 530 580 645 677 770 838 979 1014 1132 1182 1270 1322 1342 1425 1446 1482 1575 1645 1655 1698 1724 1759 1852 1862 1905
87 150 188 247 332 356 403 496 559 592 642 717 728 801 886 919 1001 1050 1103 1154 1199 1257 1376 1400 1431 1489 1528 1554 1658 1710 1924 1929
106 152 278 316 352 442 483 543 656 687 725 781 848 907 1000 1053 1080 1123 1175 1276 1357 1389 1411 1461 1556 1649 1717 1723 1778 1881 1980 1985
78 119 183 271 318 357 399 499 513 575 651 678 743 802 853 924 977 1037 1172 1249 1317 1359 1404 1447 1508 1511 1560 1588 1675 1714 1722 1809
61 158 215 234 288 347 409 464 560 563 720 816 898 956 1134 1220 1246 1345 1408 1477 1502 1569 1644 1696 1720 1730 1752 1780 1782 1850 1856 1906
88 112 199 238 324 372 438 472 548 604 634 683 765 812 852 895 959 1034 1092 1125 1179 1261 1325 1332 1377 1397 1563 1589 1629 1709 1721 1810
53 80 120 210 280 283 379 425 510 566 629 714 742 830 846 911 1002 1004 1090 1210 1255 1295 1341 1514 1566 1598 1634 1681 1751 1776 1883 1915
